1,18/19
2,221
3,-127/8
4,228
5,19/22
6,4
7,19
8,10
9,19
10,4/5
11,7'3/13
12,5/2816
13,6/119
14,44
15,5/282
16,0
17,11'7/95
18,0
19,35
20,14
21,58
22,23
23,7
24,2
25,24
26,35
27,13'4/15
28,48
29,35
30,210
31,13
32,0
33,104
34,1'5/7
35,5'79/84
36,127
37,5'7/12
38,12/263
39,19
40,16
41,339
42,20
43,2
44,16'1/5
45,18/247
46,20'13/16
47,1/19
48,38
49,7'8/9
50,240
51,1'5/9
52,343
53,57
54,19
55,111'1/2
56,5
57,21
58,70
59,0
60,8
61,5/8
62,-7/8
63,620
64,4
65,0
66,1/16
67,4
68,1/5
69,342
70,220
71,19
72,1'7/11
73,3
74,4/19
75,8
76,6/13
77,-2/15
78,18/25
79,4/5
80,0'17/-67
81,2'92/95
82,52'4/15
83,13
84,11/14
85,28
86,1/14
87,15'2/3
88,5'7/17
89,38
90,24
91,261'17/19
92,9
93,7'1/2
94,2
95,14'11/14
96,1/3
97,7/304
98,12'237/238
99,10'5/6
100,22'1/16
101,2
102,229
103,0
104,3/11
105,9/896
106,545
107,5'7/90
108,11
109,4/21
110,48
111,374
112,2
113,0
114,13
115,215
116,287
117,7/2890
118,3
119,7
120,96
121,4'1/2
122,7'2/9
123,27
124,15
125,495
126,12
127,-21/8
128,1/32
129,4'7/17
130,31
131,12'18/23
132,1/140
133,17
134,1'2/17
135,0
136,59'1/2
137,201
138,1/17
139,4'6/7
140,68
141,20
142,90
143,2/3
144,36
145,1'1/16
146,46'3/8
147,44
148,17'1/12
149,-17/20
150,28
151,1
152,96/203
153,5/17
154,160
155,323
156,48
157,18
158,-7/116
159,29
160,10'4/7
161,8
162,5/11
163,2
164,8'19/20
165,1/35
166,1
167,4'1/2
168,0'10/-19
169,351
170,4/5
171,272
172,6/7
173,3'11/18
174,12'1/6
175,19
176,4
177,73
178,6
179,-1983/154
180,2
181,34
182,0
183,85
184,11/27
185,13
186,46
187,15
188,15
189,17'9/19
190,345'4/5
191,4
192,13
193,186
194,23'11/13
195,10
196,0
197,7/208
198,321
199,68
200,6
201,15'2/45
202,7/15
203,6
204,0'1/-36
205,10'19/162
206,1'1/16
207,0'7/-9
208,31
209,8'1/16
210,176
211,8
212,30
213,2
214,12
215,7
216,12'2/17
217,0
218,306
219,1/18
220,3/5
221,1'9/10
222,7
223,2'1/8
224,2'2/3
225,6
226,1'1/5
227,9
228,1/1296
229,5/14
230,18
231,108
232,1
233,9'1/2
234,8'3/16
235,7
236,100
237,7
238,17
239,9'7/20
240,16
241,17
242,30/119
243,-31/4
244,304
245,18
246,5/9
247,120
248,36
249,832
250,0
251,24'1/2
252,8
253,17
254,9
255,2'5/14
256,2'11/16
257,0
258,1'1/3
259,47
260,3'3/5
261,172
262,21'9/11
263,11'2/3
264,9
265,12'1/2
266,6'1/2
267,72'6/7
268,152
269,110
270,1/4
271,36
272,1'2/15
273,30
274,0
275,32
276,15/17
277,1'1/5
278,7'3/19
279,18
280,0
281,48
282,18
283,1/4
284,36
285,48
286,60
287,16
288,2'21/170
289,20
290,42/67
291,408
292,36
293,12'16/33
294,247
295,22
296,22
297,1/13
298,9
299,18
300,11'1/4
301,0
302,4
303,225
304,79
305,17'4/19
306,7'5/9
307,0
308,3
309,190
310,1/238
311,1'2/9
312,173
313,4
314,0
315,235
316,224
317,2
318,25
319,37
320,0
321,15
322,4/247
323,22
324,1/8
325,1'1/2
326,7/8
327,9
328,-71/4
329,3/16
330,33
331,3/19
332,13
333,78
334,1'4/13
335,16
336,4
337,-14/3
338,21
339,-179/18
340,13'1/8
341,15
342,172
343,-167/6
344,9'1/10
345,1'7/10
346,98
347,24
348,26
349,7/300
350,5
351,21'3/11
352,12
353,6'3/7
354,2'3/10
355,-101/6
356,1'6/7
357,21
358,14
359,9'4/5
360,13/307
361,-11/4
362,22
363,138
364,4'1/4
365,21
366,1'101/126
367,12
368,136
369,59
370,240
371,16
372,3/16
373,4/5
374,3'2/11
375,144
376,4/1755
377,209
378,42'2/3
379,10'2/3
380,20
381,7/704
382,209
383,3
384,323
385,0
386,18
387,11
388,15'1/20
389,10
390,19
391,200
392,96
393,169
394,46
395,15
396,0'39/-95
397,3
398,91
399,129
400,16/119
401,28
402,86
403,6
404,16
405,16'3/5
406,15
407,9'2/3
408,19
409,204'12/13
410,4
411,33
412,19
413,19
414,70
415,2'7/10
416,2'89/126
417,22'5/7
418,4
419,12
420,111/152
421,19'2/7
422,2
423,13/18
424,3
425,56
426,7'1/2
427,16'2/3
428,100
429,9'5/7
430,19
431,1/6
432,19'2/3
433,30
434,24
435,14
436,22
437,19'1/2
438,86
439,-187/12
440,14
441,80
442,3
443,0
444,1/16
445,14
446,19
447,16/99
448,14'89/98
449,223
450,1/6
451,22
452,23'1/3
453,8'1/3
454,324
455,0
456,50
457,5/12
458,5/14
459,0'1/-5
460,37
461,4
462,76
463,85
464,12
465,48
466,-43/4
467,1'4/5
468,64
469,23'1/9
470,17'5/6
471,-38/7
472,78
473,203
474,230
475,132
476,162
477,0
478,1'2/7
479,92
480,1'10/19
481,8
482,2'9/19
483,75
484,2/9
485,17/18
486,0
487,210'1/5
488,20
489,8
490,28
491,12
492,57
493,37
494,90
495,14'1/7
496,619
497,22
498,1/2
499,10'2/7
500,16'2/5
501,17'1/4
502,252
503,1/500000
504,-76/9
505,187
506,113'1/5
507,2
508,1
509,260
510,1/5
511,145
512,119
513,1
514,0
515,11
516,1/2
517,21
518,12'17/120
519,5'3/17
520,2'4/5
521,20'1/11
522,2'1/2
523,80
524,5
525,1/16
526,6'9/11
527,21
528,28
529,14'7/18
530,144
531,61'1/2
532,39
533,9
534,0
535,1
536,20
537,32
538,246
539,2/13
540,13/16
541,3
542,1/15
543,16
544,15
545,5
546,12
547,42
548,13'3/4
549,3/80
550,6
551,924
552,-77/6
553,7
554,6'3/19
555,21
556,11
557,26
558,7
559,14
560,10
561,1/60
562,60
563,33
564,1
565,6
566,2
567,70
568,29
569,27
570,1'2/3
571,28
572,9
573,3/10
574,27
575,13
576,10
577,27
578,-40/9
579,17'9/14
580,86
581,390
582,54
583,6
584,28
585,1'4/9
586,1/15
587,5
588,99
589,11'1/5
590,81
591,10'1/2
592,67
593,7/11
594,2
595,1/8
596,16
597,8/27
598,66
599,12
600,14
601,1/2
602,1/15
603,250
604,1
605,7'15/17
606,32
607,108
608,-3443/16
609,47
610,14
611,8
612,6/7
613,36
614,0
615,12/209
616,16
617,20
618,35
619,2
620,6'1/3
621,3'1/3
622,154
623,156
624,77
625,16'3/13
626,18'12/17
627,18
628,44'4/5
629,121
630,276
631,15
632,14
633,49
634,42
635,1/5
636,116
637,5'1/6
638,9
639,12'3/5
640,3'1/2
641,27
642,100
643,27
644,17'5/13
645,1/42
646,164
647,-151/19
648,1
649,1'13/57
650,48
651,98
652,125
653,10'1/2
654,2'5/6
655,1'1/5
656,9'1/8
657,13
658,-59/4
659,7'1/5
660,32
661,9/133
662,300
663,-11/3
664,896
665,3'3/4
666,2
667,26
668,2'1/7
669,1/9
670,8'4/45
671,49
672,336
673,3
674,6'1/3
675,7/17
676,1/7
677,10/19
678,1
679,0'3/-8
680,60
681,1
682,-377/5
683,0
684,1'101/153
685,84
686,9/10
687,95
688,5'1/6
689,17'3/5
690,10
691,75
692,133
693,2
694,1/5
695,14'5/48
696,7
697,35
698,85
699,85
700,18'3/5
701,9
702,5/8
703,1
704,61
705,-4/5
706,5/6
707,1'2/5
708,57
709,38
710,18
711,3'1/5
712,4'5/16
713,416
714,11/17
715,44
716,418
717,47
718,21
719,4'5/13
720,144
721,52
722,25
723,16
724,-81/14
725,1/3
726,6'1/4
727,0'1/-4
728,83
729,17'3/17
730,5/9
731,253
732,30
733,15
734,0
735,27
736,6
737,35
738,5'2/7
739,9
740,1'5/7
741,16'5/7
742,15'1/4
743,10
744,6/7
745,0
746,7
747,38
748,36'8/11
749,19/27
750,8
751,7/13
752,8
753,80
754,18
755,74
756,-14/3
757,27
758,4'8/11
759,7
760,221
761,1'3/8
762,13'9/19
763,26
764,8
765,25
766,1'5/7
767,193
768,45
769,180
770,5/8
771,12
772,28
773,3
774,2'4/7
775,0
776,1
777,11
778,48
779,9'9/11
780,16'5/9
781,209
782,13/60
783,1
784,672
785,6
786,-50/3
787,-68/3
788,1/84
789,44
790,4
791,7'1/4
792,29
793,2'2/3
794,-4049/15
795,10'2/5
796,403
797,8
798,2/3
799,4'1/2
800,1'1/3
801,14
802,16
803,19
804,48
805,160
806,6'14/19
807,26
808,255
809,10'7/11
810,15'3/13
811,15'5/98
812,2/11
813,36
814,55
815,66
816,1/40
817,10/11
818,14
819,7
820,13/152
821,3/16
822,82'4/5
823,99
824,13
825,37'1/4
826,176
827,7'8/11
828,3'4/81
829,9/56
830,2/57
831,4'1/13
832,336
833,114
834,14
835,33
836,2'1/2
837,7
838,54/209
839,6'1/2
840,2/3
841,168
842,233
843,77
844,33
845,26
846,20'2/5
847,59
848,305
849,7
850,205
851,7'9/17
852,21
853,16/17
854,483
855,3/16
856,17
857,192
858,10'7/45
859,31
860,5'1/56
861,1'3/8
862,196
863,33'1/4
864,83'4/7
865,20
866,114'6/7
867,1/36
868,36
869,5'7/9
870,108
871,10'10/13
872,16
873,168
874,1'3/5
875,41
876,9'3/64
877,14
878,18'9/80
879,266
880,2
881,6
882,7
883,10'1/2
884,42
885,0
886,21
887,11'1/2
888,136
889,29
890,11/19
891,16
892,63
893,8'3/5
894,1/5
895,1/12
896,8'13/17
897,24
898,11
899,12'1/36
900,25
901,35
902,18
903,17
904,5
905,120
906,11/38
907,-37/5
908,69
909,357
910,256
911,43
912,1/14
913,29
914,703
915,17
916,19
917,8
918,6/7
919,13
920,54
921,1/114
922,174
923,266
924,13'1/3
925,299
926,1'1/12
927,11'5/11
928,120
929,2
930,132
931,5
932,2
933,15
934,160
935,56
936,95
937,128
938,62
939,1'3/4
940,9/44
941,14
942,15/77
943,6'1/3
944,36
945,15
946,2'2/5
947,20
948,7/16
949,22'19/20
950,23
951,4
952,6
953,25
954,5/18
955,0
956,228
957,27
958,1'3/4
959,3/14
960,89
961,87
962,1'13/20
963,72
964,185
965,4/15
966,18/19
967,0
968,4
969,23
970,3
971,-11/3
972,469
973,91
974,1'5/11
975,4
976,7'5/14
977,1/14
978,12
979,13/252
980,16
981,3
982,20'3/11
983,16'6/17
984,12'7/13
985,0
986,84
987,32'11/14
988,19
989,13
990,90
991,26
992,12'13/45
993,11/34
994,10
995,4/5
996,10'2/3
997,1/5
998,7
999,17'11/54
1000,11'1/3
1001,9'8/323
1002,6
1003,63
1004,34
1005,1
1006,1/3
1007,1'1/2
1008,120
1009,1'37/48
1010,12/17
1011,4'9/17
1012,34
1013,209'11/19
1014,4'14/17
1015,6/11
1016,12
1017,5
1018,32
1019,9
1020,19
1021,23
1022,1'4/5
1023,255
1024,281
1025,90
1026,4'2/5
1027,9/56
1028,61
1029,3'1/6
1030,121
1031,7/65
1032,39'3/5
1033,14
1034,1
1035,193
1036,37
1037,13
1038,3/8
1039,-58/9
1040,2
1041,7/16
1042,9'1/57
1043,12
1044,28
1045,8'4/7
1046,8
1047,2'1/3
1048,5/8
1049,19'4/7
1050,8/13
1051,106
1052,10'3/5
1053,37
1054,7
1055,756
1056,19
1057,4
1058,216
1059,125
1060,20
1061,9/136
1062,13/21
1063,20
1064,85
1065,16'1/2
1066,5'2/3
1067,12'6/7
1068,24
1069,3/19
1070,10'11/16
1071,9'3/5
1072,83'1/3
1073,490
1074,196
1075,12'7/8
1076,48
1077,0
1078,14'2/3
1079,5/693
1080,26
1081,234
1082,11/32
1083,117
1084,13
1085,108
1086,16
1087,9
1088,4/45
1089,3/13
1090,10
1091,6/55
1092,8
1093,3/10
1094,22
1095,8
1096,3/5
1097,2'2/3
1098,136
1099,18
1100,1'3/17
1101,2'2/9
1102,6/17
1103,4'1/2
1104,25
1105,16/289
1106,65
1107,7
1108,1'1/9
1109,6
1110,20
1111,148
1112,6/11
1113,1
1114,58'2/17
1115,2/9
1116,8
1117,323
1118,320
1119,-8/3
1120,1'7/11
1121,1'1/3
1122,18'1/7
1123,19
1124,17/99
1125,12
1126,758
1127,90
1128,102
1129,167
1130,18
1131,7/20
1132,1/18
1133,20
1134,77
1135,1'2/3
1136,336
1137,11
1138,11
1139,1'5/11
1140,627
1141,15'1/3
1142,28
1143,11'1/3
1144,-201/16
1145,153
1146,18'5/19
1147,342
1148,30
1149,1'15/16
1150,18'11/39
1151,2
1152,-614/3
1153,300
1154,108
1155,17'1/3
1156,1
1157,1
1158,2'5/16
1159,20
1160,1'5/8
1161,27/152
1162,258
1163,19
1164,1'5/8
1165,1'8/11
1166,40
1167,9/11
1168,3'4/65
1169,9/16
1170,60
1171,96'1/4
1172,160
1173,1'7/9
1174,1'1/4
1175,35
1176,3
1177,3'1/2
1178,80
1179,56
1180,2'2/3
1181,46
1182,140
1183,5
1184,2
1185,7'5/7
1186,4
1187,4/455
1188,1/3
1189,6
1190,16
1191,10
1192,23'2/19
1193,3'13/18
1194,32
1195,29
1196,1'5/12
1197,266
1198,23
1199,28
1200,2
1201,32
1202,13
1203,45
1204,16/133
1205,4/209
1206,1'19/135
1207,4'1/2
1208,27
1209,95
1210,11
1211,6'2/3
1212,9/17
1213,96
1214,6
1215,12
1216,2/17
1217,11/19
1218,784
1219,160
1220,12/77
1221,12'3/5
1222,5
1223,2'3/7
1224,289
1225,0
1226,0
1227,1'8/11
1228,90
1229,14
1230,3/16
1231,1
1232,-3/7
1233,2/5
1234,3/175
1235,3
1236,26
1237,272
1238,3
1239,10/17
1240,342
1241,10/13
1242,20
1243,271
1244,14'2/39
1245,1
1246,16
1247,-22/9
1248,88
1249,3/8
1250,22
1251,3'16/17
1252,864
1253,71'2/3
1254,11
1255,1/4
1256,5
1257,8'7/306
1258,4/105
1259,12
1260,28
1261,1/2
1262,96
1263,4'3/4
1264,0
1265,23
1266,455
1267,23'7/10
1268,16
1269,49
1270,11
1271,510
1272,4/19
1273,0
1274,19
1275,1
1276,32
1277,1/84
1278,720
1279,139
1280,6/19
1281,4
1282,60
1283,-104/7
1284,8
1285,24
1286,1'37/82
1287,204
1288,13
1289,35
1290,16
1291,70
1292,68
1293,133'1/2
1294,72
1295,5/84
1296,7/10
1297,25
1298,3
1299,38
1300,145
1301,-3/70
1302,14
1303,2'3/8
1304,18'1/3
1305,23
1306,108
1307,10'1/2
1308,0
1309,9'7/10
1310,4'1/4
1311,9/20
1312,4
1313,6'17/18
1314,7
1315,-5/8
1316,32
1317,30
1318,7
1319,22
1320,13
1321,2'17/19
1322,1/2
1323,141
1324,2'1/2
1325,1/4
1326,20'14/15
1327,13
1328,152
1329,1'11/19
1330,1/8
1331,1'15/17
1332,1/81
1333,19
1334,120
1335,3/20
1336,12
1337,1'1/14
1338,160
1339,29
1340,17
1341,13
1342,6'3/7
1343,64
1344,23
1345,17
1346,4'2/5
1347,1'15/154
1348,38
1349,20'2/3
1350,26
1351,10
1352,3
1353,185'5/11
1354,6
1355,2'5/6
1356,3/4
1357,1
1358,209
1359,3'3/5
1360,2
1361,9'1/7
1362,96
1363,50
1364,4/9
1365,27
1366,306
1367,14
1368,-77/6
1369,14'17/180
1370,15
1371,16
1372,12
1373,75
1374,10
1375,6'10/17
1376,8
1377,17/20
1378,7'1/14
1379,23
1380,68
1381,15
1382,19'5/6
1383,10
1384,96
1385,21
1386,13'6/95
1387,19/30
1388,7/22
1389,8
1390,176
1391,42'2/3
1392,-148/13
1393,1/4
1394,6'3/5
1395,2/7
1396,33
1397,1/18
1398,25
1399,6
1400,42'6/11
1401,23
1402,0
1403,9
1404,162
1405,1'3/8
1406,17
1407,21'5/6
1408,4
1409,9
1410,99
1411,8
1412,1/153
1413,126
1414,319
1415,34'1/5
1416,1/48
1417,716
1418,83
1419,31
1420,96
1421,12'7/16
1422,21
1423,13'1/6
1424,77
1425,10
1426,9'7/12
1427,52
1428,114
1429,18'1/4
1430,7
1431,70
1432,324
1433,-4/5
1434,5/16
1435,1
1436,31
1437,1
1438,218
1439,239
1440,28
1441,2/7
1442,1/2
1443,52
1444,8'19/20
1445,3'2/81
1446,53
1447,28
1448,65
1449,2'19/35
1450,4
1451,29
1452,10
1453,1/19
1454,3'3/4
1455,19'9/23
1456,26'15/19
1457,1'5/12
1458,11
1459,59
1460,7'7/9
1461,195
1462,13
1463,27
1464,18'2/5
1465,64
1466,8/9
1467,86'1/3
1468,0
1469,9/130
1470,32
1471,17
1472,238
1473,174
1474,48
1475,19
1476,4/9
1477,43
1478,138
1479,9
1480,42
1481,5'1/4
1482,7/108
1483,1/28
1484,18
1485,18
1486,5/578
1487,18
1488,5
1489,20
1490,64
1491,10
1492,1'1/2
1493,10'11/12
1494,32
1495,4/5
1496,240
1497,-38/3
1498,19
1499,40
1500,2/15
1501,11
1502,21'1/12
1503,27
1504,58'18/19
1505,34
1506,225
1507,81
1508,6
1509,17
1510,19
1511,6'2/65
1512,28
1513,-14/19
1514,242
1515,23
1516,13
1517,-31/4
1518,11
1519,21
1520,95
1521,17
1522,16'1/20
1523,87
1524,1/4
1525,3
1526,88
1527,21
1528,7'1/2
1529,13'14/15
1530,5
1531,10
1532,7/10
1533,1/3
1534,5
1535,3'4/15
1536,3
1537,20'1/3
1538,8'1/2
1539,88
1540,1/5
1541,12
1542,10
1543,21
1544,17'1/2
1545,2/15
1546,300
1547,2'3/7
1548,14
1549,16'8/13
1550,2'16/37
1551,255
1552,0'5/-14
1553,4/5
1554,45
1555,1/18
1556,246
1557,116
1558,11
1559,4
1560,18
1561,2'5/6
1562,11
1563,7
1564,288
1565,234
1566,28
1567,15'7/8
1568,13
1569,16
1570,2'11/14
1571,4'3/20
1572,16
1573,6
1574,21
1575,6'6/13
1576,11
1577,154
1578,378
1579,24
1580,7'23/28
1581,16'5/12
1582,5/7
1583,50
1584,13
1585,11
1586,3
1587,31
1588,19
1589,7
1590,16'9/19
1591,1'1/6
1592,129
1593,18'12/13
1594,18
1595,31
1596,13
1597,8'15/77
1598,28
1599,24
1600,17/18
1601,208
1602,3'1/6
1603,1
1604,14'8/17
1605,-2/17
1606,187
1607,234
1608,38
1609,-163/16
1610,24
1611,84
1612,7/8
1613,345
1614,-6/7
1615,2
1616,25
1617,143
1618,3'1/5
1619,11'5/8
1620,315
1621,380'9/13
1622,1'4/5
1623,-9/7
1624,19
1625,2/5
1626,900
1627,3
1628,-377/27
1629,1'2/17
1630,14
1631,122
1632,2
1633,7'1/7
1634,121
1635,11
1636,1/85
1637,4'4/5
1638,30
1639,0
1640,11/15
1641,18
1642,660
1643,0
1644,6
1645,7
1646,43
1647,4
1648,4/5
1649,35
1650,1
1651,25
1652,10
1653,272
1654,224
1655,23
1656,5'1/5
1657,72
1658,169
1659,10
1660,22'3/8
1661,49
1662,5'3/4
1663,175
1664,648
1665,4'2/3
1666,1'1/3
1667,21
1668,7
1669,12
1670,8
1671,13'3/17
1672,84
1673,10/11
1674,2
1675,2
1676,22
1677,17'1/10
1678,7'2/3
1679,30
1680,21
1681,10
1682,130
1683,243'3/4
1684,-112/17
1685,54
1686,0
1687,15
1688,19
1689,117
1690,120
1691,84
1692,165
1693,5
1694,5'5/8
1695,5
1696,2'12/13
1697,8
1698,112
1699,16/855
1700,16'2/5
1701,14
1702,342
1703,22
1704,65
1705,2'2/7
1706,4/91
1707,1/2
1708,0'1/-12
1709,7/57
1710,124
1711,8
1712,9'3/7
1713,9
1714,414
1715,1'1/7
1716,22
1717,17
1718,0
1719,6
1720,35
1721,7/10
1722,14
1723,155
1724,8
1725,2'8/15
1726,29
1727,26
1728,26
1729,224
1730,15'1/2
1731,15
1732,16/17
1733,12'1/5
1734,1/8
1735,8
1736,144
1737,211
1738,18
1739,81
1740,2'2/7
1741,1
1742,37
1743,3
1744,3/5
1745,17'4/7
1746,25
1747,238
1748,3
1749,-127/12
1750,16
1751,35
1752,2/13
1753,90
1754,2/3
1755,50
1756,19
1757,35
1758,98
1759,16
1760,5/9
1761,162
1762,36
1763,-95/8
1764,6'10/11
1765,13
1766,55'1/2
1767,6/13
1768,49
1769,104
1770,3
1771,22
1772,112
1773,108
1774,3/13
1775,10
1776,9
1777,30
1778,24
1779,51
1780,23
1781,38
1782,-51/13
1783,1'1/5
1784,1/72
1785,480
1786,21'5/7
1787,395
1788,4
1789,25/26
1790,15
1791,65
1792,17'13/15
1793,9
1794,278
1795,6'5/12
1796,14'1/6
1797,4'1/2
1798,2'1/8
1799,100
1800,28
1801,22
1802,2'4/7
1803,10/19
1804,96
1805,38
1806,15'5/9
1807,1'1/3
1808,11
1809,3'1/2
1810,11/144
1811,8/15
1812,28
1813,127
1814,128
1815,272
1816,29
1817,0
1818,245
1819,112
1820,19/96
1821,120
1822,22
1823,1/6
1824,180
1825,2'2/7
1826,16
1827,15
1828,0'11/-76
1829,7/11
1830,1'1/7
1831,9'5/36
1832,205
1833,1
1834,2'1/2
1835,22
1836,16
1837,15'4/11
1838,15
1839,9
1840,121
1841,5
1842,4
1843,12'7/8
1844,11
1845,23
1846,54
1847,26
1848,90
1849,0
1850,240
1851,1
1852,15/16
1853,2'1/4
1854,23
1855,-39/5
1856,1/26
1857,1
1858,154
1859,16
1860,21
1861,40
1862,20
1863,3
1864,1'13/17
1865,27'1/2
1866,14
1867,1'23/32
1868,224
1869,-35/4
1870,14
1871,154
1872,53'1/4
1873,2'4/7
1874,23'14/15
1875,19
1876,42
1877,1'6/11
1878,32
1879,1'7/15
1880,20
1881,14
1882,18
1883,3'1/3
1884,34
1885,34
1886,89
1887,125
1888,1'8/9
1889,6/11
1890,117
1891,17
1892,11'6/7
1893,13/15
1894,1'1/5
1895,25
1896,1
1897,17
1898,510
1899,285
1900,10
1901,-73/11
1902,10'9/11
1903,0
1904,13
1905,1/4
1906,1/3
1907,54
1908,10
1909,4/5
1910,0
1911,5/9
1912,11
1913,32
1914,31
1915,36'1/2
1916,1'1/4
1917,0
1918,2
1919,31
1920,1/6
1921,48
1922,11
1923,37
1924,20'3/4
1925,7
1926,15'1/4
1927,20
1928,7
1929,37
1930,6'4/7
1931,10
1932,1/5
1933,11/18
1934,2/5
1935,5'247/252
1936,9'3/4
1937,3/4
1938,38
1939,1/10
1940,1'3/8
1941,48
1942,1
1943,56
1944,10
1945,-239/12
1946,2'6/7
1947,15
1948,306
1949,34
1950,7/10
1951,18'4/7
1952,2
1953,3
1954,17'1/26
1955,9
1956,1'3/5
1957,1/48
1958,30'5/7
1959,-539/18
1960,30
1961,90
1962,11
1963,9/32
1964,4'6/13
1965,60
1966,16'3/13
1967,3
1968,158
1969,113
1970,19'1/8
1971,45
1972,16
1973,140
1974,95
1975,133
1976,126
1977,26
1978,1'1/5
1979,6
1980,135
1981,14'15/16
1982,12'2/13
1983,36
1984,24
1985,17
1986,2/3
1987,-23/3
1988,180
1989,11'6/7
1990,0
1991,188
1992,2
1993,26
1994,175
1995,2
1996,3'2/3
1997,320
1998,11
1999,8/15
2000,-164/3
2001,16/221
2002,320
2003,1/8
2004,22'1/8
2005,7'7/9
2006,6'1/3
2007,3/49
2008,16'1/2
2009,209
2010,6
2011,6
2012,107
2013,5/7
2014,7/10
2015,20
2016,3
2017,13
2018,19
2019,12'5/7
2020,206
2021,19/48
2022,1/3
2023,95
2024,21
2025,1
2026,5/3876
2027,1/12
2028,2/3
2029,18
2030,27'1/6
2031,6
2032,-19/126
2033,135'5/6
2034,5/8
2035,12
2036,-113/6
2037,4
2038,10/11
2039,30
2040,65
2041,10
2042,15
2043,56
2044,43
2045,15/16
2046,9'1/6
2047,61
2048,13
2049,19/20
2050,1
2051,15/16
2052,2'4/11
2053,24
2054,5
2055,1/5
2056,5/6
2057,15
2058,43
2059,7
2060,28
2061,35
2062,0'8/-15
2063,-197/6
2064,192
2065,10
2066,52
2067,1
2068,22'8/13
2069,11'1/9
2070,1'6/7
2071,14'2/3
2072,11'1/4
2073,23
2074,180
2075,9'1/2
2076,274
2077,10
2078,25
2079,5/14
2080,5/24
2081,3
2082,-282/17
2083,658
2084,117
2085,3
2086,12'2/3
2087,2/11
2088,1/57
2089,4'20/49
2090,18
2091,35'3/4
2092,15
2093,1
2094,276
2095,4'3/7
2096,68
2097,24
2098,33
2099,1/20
2100,9
2101,5/216
2102,2/3
2103,217
2104,6'1/2
2105,110
2106,26
2107,12
2108,185
2109,34
2110,225
2111,0
2112,31
2113,11/126
2114,98
2115,8
2116,5'1/5
2117,48
2118,10
2119,14
2120,33
2121,5/11
2122,3'17/18
2123,32
2124,55
2125,259
2126,25
2127,4'7/9
2128,131
2129,7
2130,70
2131,14'2/3
2132,0'191/-209
2133,1'4/5
2134,105
2135,169
2136,20'3/7
2137,243
2138,8
2139,1'3/8
2140,224
2141,24
2142,26
2143,44
2144,48
2145,169
2146,17
2147,24
2148,429
2149,4'11/39
2150,-35/4
2151,13'11/56
2152,23
2153,16
2154,3
2155,5
2156,4'8/19
2157,108
2158,323
2159,239
2160,440
2161,-72/7
2162,1'2/3
2163,42
2164,3
2165,6'3/7
2166,18'8/11
2167,162
2168,1'1/6
2169,255
2170,13
2171,13'1/2
2172,7/9
2173,77
2174,27
2175,25
2176,3/14
2177,2/15
2178,40
2179,144
2180,17
2181,-32/3
2182,264
2183,15
2184,26
2185,18
2186,37
2187,6'2/5
2188,8'9/20
2189,71
2190,1'2/7
2191,3
2192,1'2/17
2193,13'163/180
2194,2'1/3
2195,72
2196,11'10/19
2197,3/19
2198,5'1/3
2199,16
2200,34
2201,1
2202,180
2203,-69/5
2204,1
2205,2
2206,19'2/81
2207,20
2208,11
2209,3
2210,36
2211,217
2212,13
2213,42
2214,19
2215,18
2216,256
2217,3'1/4
2218,1'1/14
2219,40
2220,18
2221,20
2222,9
2223,5
2224,18'2/7
2225,1'1/18
2226,14
2227,33
2228,166
2229,16
2230,26
2231,12'8/9
2232,0
2233,36
2234,35
2235,98
2236,11'1/10
2237,37'1/2
2238,2'2/3
2239,2/19
2240,0
2241,1/28
2242,2'3/4
2243,106
2244,166'2/7
2245,50
2246,7'14/19
2247,45
2248,270
2249,240
2250,3
2251,1'8/9
2252,144
2253,13'1/2
2254,1'2/9
2255,63
2256,1/30
2257,1'1/11
2258,12'1/2
2259,660
2260,4'1/3
2261,5
2262,15/38
2263,36
2264,10
2265,16
2266,4'3/4
2267,13/18
2268,10'13/19
2269,32
2270,-405/14
2271,85
2272,20
2273,252
2274,3/28
2275,130
2276,26'1/15
2277,15
2278,1/30
2279,0
2280,6
2281,4'1/4
2282,19
2283,6
2284,1/75
2285,38
2286,16'7/11
2287,21
2288,23
2289,31
2290,12'7/13
2291,72
2292,36
2293,1/20
2294,1'1/10
2295,6'12/17
2296,8
2297,22
2298,6
2299,16
2300,162
2301,7'82/91
2302,13/1000000
2303,1'3/11
2304,26
2305,3/70
2306,105
2307,214
2308,12
2309,13
2310,35
2311,13
2312,2/7
2313,190
2314,15'7/130
2315,4'1/3
2316,195
2317,1'1/15
2318,8
2319,2'1/6
2320,14
2321,1
2322,5
2323,8'7/19
2324,1'2/19
2325,82
2326,19
2327,53
2328,6/7
2329,1'1/5
2330,227
2331,121'1/2
2332,0
2333,1'4/11
2334,26
2335,-101/6
2336,9
2337,4
2338,17'5/9
2339,104
2340,9/14
2341,199
2342,6'12/17
2343,19'3/7
2344,60
2345,13
2346,90'1/2
2347,179
2348,2/9
2349,7
2350,26
2351,4
2352,13'5/11
2353,10'1/5
2354,33
2355,5/14
2356,137'1/7
2357,15
2358,18
2359,18
2360,14
2361,1'11/13
2362,10
2363,31
2364,3
2365,79
2366,-9/7
2367,15
2368,433
2369,-11/9
2370,20
2371,0'5/-54
2372,36
2373,0
2374,9/50
2375,210
2376,68
2377,195
2378,9
2379,7
2380,19/27
2381,9/19
2382,120
2383,18'2/5
2384,12'3/5
2385,18'2/5
2386,12
2387,231
2388,2/9
2389,11'7/8
2390,2'1/3
2391,0
2392,11
2393,18
2394,34
2395,87
2396,176
2397,2/3
2398,27
2399,224
2400,22
2401,19
2402,19
2403,3/25
2404,42
2405,48
2406,174
2407,11/1190
2408,1/108
2409,72
2410,1'1/8
2411,323
2412,1/6
2413,1'13/25
2414,182
2415,2'1/7
2416,2/3
2417,16
2418,5/7
2419,3
2420,1/153
2421,20
2422,24
2423,6
2424,22'7/8
2425,121
2426,14
2427,229
2428,12
2429,10'5/9
2430,16
2431,24
2432,136
2433,10'14/19
2434,78'3/7
2435,47
2436,8'10/13
2437,-392/5
2438,11
2439,5'1/3
2440,0'1/-9
2441,340
2442,20
2443,62'1/7
2444,21'5/14
2445,18'1/2
2446,1'13/14
2447,1'8/15
2448,320
2449,102
2450,-674/45
2451,5
2452,28
2453,72
2454,-56/15
2455,60
2456,1
2457,78
2458,15'12/19
2459,13/1000000
2460,25
2461,40
2462,5
2463,1'1/2
2464,22
2465,40
2466,48
2467,5
2468,7'4/9
2469,38
2470,0
2471,12
2472,6
2473,10
2474,5/156
2475,53/120
2476,13/224
2477,306
2478,286
2479,534
2480,10
2481,8/47
2482,3/10
2483,99
2484,18
2485,300
2486,-38/9
2487,1/6
2488,1'2/7
2489,9
2490,4
2491,33
2492,1/24
2493,3/52
2494,1/20
2495,-3/7
2496,7'1/2
2497,3'3/5
2498,31
2499,22
2500,16/105
2501,17'5/7
2502,11/15
2503,-22/9
2504,14
2505,380
2506,17/180
2507,3/20
2508,2'2/5
2509,16'2/11
2510,7/108
2511,1'4/13
2512,7/60
2513,2/3
2514,24
2515,231'1/9
2516,20'1/18
2517,16'12/13
2518,3'5/6
2519,2'3/32
2520,1'1/3
2521,16
2522,32
2523,14
2524,14
2525,3/20
2526,96
2527,5/182
2528,50
2529,167
2530,56
2531,11'1/3
2532,18'1/2
2533,60
2534,163
2535,33
2536,23
2537,6
2538,4
2539,58
2540,6
2541,37
2542,-93/13
2543,28
2544,5'8/15
2545,36
2546,279
2547,44
2548,1/39
2549,1
2550,14'4/5
2551,13'7/8
2552,-89/6
2553,665
2554,0
2555,1/56
2556,50
2557,187
2558,14
2559,1'1/2
2560,90
2561,40'8/11
2562,18/91
2563,7
2564,1'1/18
2565,1
2566,28
2567,76
2568,12
2569,63
2570,80
2571,16'227/240
2572,2'1/2
2573,13'2/7
2574,270
2575,1/3
2576,3/14
2577,6
2578,5
2579,17
2580,21
2581,6
2582,14'5/7
2583,16
2584,13/19
2585,112
2586,13
2587,1/125000
2588,24
2589,3
2590,7
2591,869
2592,18
2593,21
2594,12
2595,2
2596,202
2597,12
2598,36
2599,132
2600,25
2601,3
2602,6
2603,8'8/11
2604,34'3/4
2605,20'2/35
2606,6/11
2607,156
2608,19
2609,-3999999/4
2610,16/1995
2611,576
2612,2'3/5
2613,1'3/14
2614,5/54
2615,26
2616,1
2617,1
2618,75
2619,4'2/9
2620,2'4/7
2621,10
2622,22
2623,7/18
2624,5/9
2625,6'13/16
2626,5/7
2627,5/323
2628,13/40
2629,9/10
2630,24
2631,123
2632,50
2633,4/9
2634,2'2/3
2635,240
2636,15'1/2
2637,9
2638,255
2639,3/14
2640,1'2/5
2641,10
2642,3/10
2643,2
2644,196
2645,510
2646,6
2647,25
2648,10'8/9
2649,0
2650,1/21
2651,17/20
2652,90
2653,476
2654,36
2655,8
2656,45
2657,198
2658,17/30
2659,28
2660,26
2661,256
2662,403
2663,10'7/20
2664,594
2665,9/32
2666,256
2667,8
2668,38'2/5
2669,26
2670,4'247/255
2671,19/243
2672,136
2673,11'2/9
2674,3'3/19
2675,-280/19
2676,16/17
2677,1'1/3
2678,7
2679,1/11
2680,30
2681,1/96
2682,11'1/2
2683,17/110
2684,18/85
2685,85
2686,11
2687,150
2688,5'11/32
2689,546
2690,74
2691,13/51
2692,16
2693,29
2694,10'9/14
2695,190
2696,14'13/16
2697,14
2698,11
2699,5
2700,39
2701,176
2702,1/105
2703,136
2704,8
2705,99
2706,3'1/4
2707,20
2708,13/40
2709,3
2710,55
2711,40
2712,78
2713,22
2714,3'1/4
2715,2'5/7
2716,14'6/19
2717,2
2718,340
2719,17
2720,7'8/9
2721,2
2722,1
2723,2'1/7
2724,21
2725,1'1/8
2726,250
2727,1/2
2728,7
2729,10
2730,12
2731,6
2732,18
2733,13'1/2
2734,14'1/14
2735,23
2736,7/11
2737,17'7/13
2738,104
2739,6/7
2740,10
2741,94
2742,26
2743,39
2744,75'1/2
2745,9
2746,1/19
2747,247
2748,31'7/8
2749,35
2750,18
2751,13
2752,0
2753,31
2754,37
2755,102
2756,115
2757,-252/17
2758,1/18
2759,33
2760,13'11/12
2761,188
2762,9/1183
2763,-71/9
2764,-44/3
2765,94
2766,199
2767,20
2768,27'11/12
2769,15
2770,19/34
2771,1/2
2772,3/11
2773,7/22
2774,3/55
2775,12'4/7
2776,8/9
2777,1'1/6
2778,16'5/7
2779,13'4/5
2780,2'1/8
2781,14
2782,2
2783,1'1/10
2784,1
2785,6
2786,46
2787,1'5/14
2788,4'12/23
2789,1'1/3
2790,4'1/2
2791,14
2792,-261/14
2793,2'5/18
2794,17'7/9
2795,221
2796,0
2797,5/741
2798,6'6/19
2799,341'7/8
2800,-164/9
2801,12'3/209
2802,144
2803,138
2804,13
2805,1'7/11
2806,238
2807,5
2808,1/13
2809,39
2810,2/33
2811,28'4/19
2812,1'4/5
2813,0
2814,928'2/7
2815,0'3/-5
2816,9/17
2817,45
2818,224
2819,70'9/11
2820,25
2821,4'3/4
2822,34
2823,4'1/11
2824,5/108
2825,3
2826,30
2827,67
2828,120
2829,12
2830,0
2831,0
2832,16'1/5
2833,6
2834,1/19
2835,126
2836,1/72
2837,17/45
2838,1/102
2839,6
2840,25
2841,136
2842,28
2843,103
2844,210
2845,108
2846,202
2847,2'2/7
2848,5'7/10
2849,165
2850,3'15/19
2851,18'6/7
2852,3/80
2853,2/9
2854,96
2855,108
2856,520
2857,3/35
2858,3'2/3
2859,38
2860,8
2861,14
2862,3
2863,3
2864,1'1/6
2865,29
2866,5'5/13
2867,303
2868,16
2869,45
2870,17
2871,23
2872,15
2873,1/48
2874,31
2875,10'3/13
2876,840
2877,22'2/5
2878,22
2879,14'2/3
2880,284
2881,1
2882,249
2883,585
2884,15
2885,37
2886,2
2887,7'2/5
2888,222'8/11
2889,1/4
2890,21
2891,3/4
2892,18'7/16
2893,14
2894,33
2895,21
2896,3/7
2897,21
2898,1'1/2
2899,96
2900,4/7
2901,2
2902,40'16/17
2903,16
2904,7/13
2905,3
2906,17'4/17
2907,17'7/9
2908,1/56
2909,9
2910,4'3/4
2911,9'1/2
2912,17
2913,7/9
2914,48
2915,10/91
2916,8/133
2917,35
2918,46
2919,1/18
2920,9/128
2921,13'1/8
2922,19
2923,29'4/5
2924,10'17/19
2925,306
2926,22
2927,5/52
2928,10
2929,2/15
2930,0
2931,60
2932,44
2933,39
2934,1/648
2935,9
2936,2/13
2937,19/24
2938,48
2939,2'1/10
2940,19/180
2941,12'13/40
2942,0
2943,11
2944,3/31
2945,11
2946,33
2947,10
2948,2'2/3
2949,11
2950,180
2951,1
2952,-119/6
2953,19
2954,90
2955,-9/7
2956,-356/15
2957,1'1/18
2958,-109/5
2959,47
2960,4
2961,320
2962,2
2963,26
2964,45
2965,1
2966,38
2967,22'1/6
2968,0
2969,7
2970,34
2971,3'19/20
2972,34
2973,1/91
2974,21
2975,-13/10
2976,0
2977,7
2978,22
2979,133
2980,33
2981,112'1/2
2982,1'2/11
2983,12
2984,13/16
2985,2/147
2986,10
2987,1'3/8
2988,25
2989,38
2990,-51/7
2991,7
2992,27
2993,25
2994,15
2995,16
2996,95
2997,1'4/7
2998,167
2999,1
3000,213
3001,2/13
3002,138
3003,12
3004,2'1/8
3005,16'1/4
3006,19
3007,14'5/7
3008,182'2/7
3009,1'1/7
3010,-7/4
3011,159
3012,49
3013,257
3014,8
3015,2
3016,11/18
3017,38
3018,3'1/6
3019,5/273
3020,7
3021,-904/9
3022,7
3023,8/11
3024,-44/9
3025,153
3026,233
3027,29
3028,36
3029,6/133
3030,45
3031,4/9
3032,132
3033,13
3034,37
3035,31
3036,1/32
3037,0
3038,-13/9
3039,2'2/5
3040,11
3041,23
3042,1'4/11
3043,18
3044,1/8
3045,0
3046,16
3047,4
3048,20
3049,2/55
3050,-103/56
3051,13
3052,4'11/14
3053,1
3054,117
3055,1/81
3056,45
3057,-3/4
3058,14'2/5
3059,140
3060,140
3061,221
3062,15
3063,10'1/9
3064,1/100
3065,14
3066,140
3067,5
3068,27
3069,8
3070,156
3071,214
3072,1
3073,285
3074,314
3075,5'7/9
3076,1'1/5
3077,11
3078,1/5
3079,3'7/9
3080,18'3/13
3081,31'1/2
3082,253'1/8
3083,152
3084,-1535/77
3085,17'3/8
3086,27
3087,640
3088,7
3089,8'3/10
3090,-41/3
3091,-57/13
3092,30
3093,20
3094,3/28
3095,32
3096,99
3097,228
3098,27
3099,28'14/15
3100,9
3101,100
3102,28
3103,41
3104,3/4
3105,18'2/15
3106,4'1/2
3107,27
3108,178
3109,5/136
3110,40
3111,304
3112,17
3113,1'1/11
3114,2
3115,20
3116,1
3117,14'1/5
3118,153
3119,1'5/8
3120,226'1/5
3121,121
3122,6
3123,5'1/15
3124,255
3125,11
3126,1'71/208
3127,48/95
3128,17
3129,38
3130,33
3131,3'2/5
3132,10
3133,9
3134,90
3135,22
3136,4'4/5
3137,5/18
3138,33
3139,7'7/9
3140,18
3141,12'5/9
3142,1'2/7
3143,204
3144,7
3145,10
3146,3
3147,2'8/13
3148,12
3149,13'1/2
3150,1'1/7
3151,8'10/13
3152,0'1/-10
3153,135
3154,105
3155,10
3156,2'3/4
3157,74
3158,1'1/2
3159,73'6/13
3160,15'1/4
3161,36'3/14
3162,2/19
3163,1/16
3164,21
3165,27
3166,4'4/11
3167,6
3168,8
3169,5/6
3170,22
3171,35
3172,1'1/7
3173,9
3174,-167/18
3175,96
3176,6'125/133
3177,401
3178,76
3179,24
3180,6'1/3
3181,125
3182,43
3183,55/153
3184,2/5
3185,-121/9
3186,18
3187,14
3188,20
3189,1/3
3190,126
3191,8'4/11
3192,1/7
3193,-11/6
3194,11/19
3195,5
3196,2'7/11
3197,1/7
3198,9/20
3199,-31/4
3200,6
3201,143
3202,4/7
3203,3'2/3
3204,78
3205,10
3206,98
3207,168
3208,13
3209,1'3/95
3210,17
3211,15'3/8
3212,31
3213,38
3214,1'2/3
3215,24
3216,36
3217,5
3218,18
3219,67
3220,19
3221,3/86
3222,5'1/3
3223,14
3224,15
3225,180
3226,13
3227,30
3228,208
3229,11/20
3230,12
3231,4'5/6
3232,30
3233,13
3234,4/5
3235,13
3236,3
3237,57
3238,7/16
3239,253
3240,11'8/11
3241,9
3242,9
3243,0'1/-2
3244,1/7
3245,1/2
3246,3
3247,21'8/17
3248,6
3249,36
3250,12'2/5
3251,4'1/8
3252,1
3253,-59/6
3254,13/150
3255,6
3256,11
3257,22
3258,5'2/3
3259,29
3260,1
3261,13
3262,1/96
3263,24
3264,1'221/285
3265,0
3266,51
3267,1'10/17
3268,5/6
3269,4/15
3270,102
3271,7'3/4
3272,11/13
3273,31
3274,94
3275,16
3276,3/10
3277,19
3278,32
3279,27'1/2
3280,280
3281,144
3282,7'2/5
3283,46'2/3
3284,464
3285,31
3286,55
3287,5/12
3288,22
3289,1'1/12
3290,24
3291,3'6/7
3292,288
3293,5
3294,3/20
3295,9'2/5
3296,42
3297,164
3298,728
3299,129
3300,1/77
3301,6/19
3302,8/63
3303,21
3304,56
3305,81
3306,36
3307,19'7/11
3308,76
3309,187
3310,6'3/5
3311,171
3312,-11/15
3313,38'6/7
3314,128
3315,13
3316,19'17/19
3317,-223/12
3318,22
3319,54
3320,1'2/15
3321,280
3322,54
3323,11
3324,13'1/6
3325,0
3326,6/13
3327,4
3328,26
3329,16'3/7
3330,30
3331,3
3332,31
3333,1'7/11
3334,6
3335,1/12
3336,22
3337,12'3/16
3338,14'4/13
3339,72
3340,6
3341,93
3342,3/17
3343,14
3344,7
3345,-63/8
3346,30
3347,16
3348,16
3349,73
3350,17
3351,38
3352,11'1/5
3353,221
3354,29
3355,1/55
3356,97
3357,27
3358,171
3359,6'2/5
3360,323
3361,1'2/7
3362,8
3363,34
3364,90
3365,13/18
3366,32
3367,14
3368,2'1/8
3369,78
3370,7
3371,160
3372,15/224
3373,22'3/4
3374,13
3375,1/8
3376,23
3377,85
3378,4'1/3
3379,14/75
3380,5'5/11
3381,-17/6
3382,2/45
3383,0'1/-2
3384,4
3385,237
3386,25
3387,13
3388,1/10
3389,16
3390,31
3391,146
3392,6
3393,3/4
3394,10/11
3395,148
3396,2/5
3397,70
3398,7'7/12
3399,119
3400,17
3401,17
3402,31
3403,44'1/3
3404,29
3405,14'5/7
3406,18
3407,1'1/15
3408,1'4/7
3409,210
3410,29
3411,-293/19
3412,15
3413,21
3414,13'15/19
3415,24
3416,7
3417,50
3418,5
3419,12
3420,38
3421,20'3/4
3422,126
3423,11/18
3424,5'11/14
3425,13'15/16
3426,-11/3
3427,10'10/11
3428,43
3429,1'44/65
3430,2/95
3431,64
3432,317
3433,72
3434,15
3435,4/5
3436,816
3437,17
3438,27'17/19
3439,572
3440,7
3441,0
3442,10
3443,6
3444,1/44
3445,75
3446,22
3447,8/17
3448,46
3449,9
3450,40
3451,10
3452,9'4/5
3453,9
3454,1'4/15
3455,31
3456,5
3457,29
3458,10'11/19
3459,137
3460,13
3461,84
3462,272
3463,21
3464,2'1/2
3465,882
3466,0
3467,16
3468,6
3469,13
3470,93/266
3471,53
3472,11
3473,17
3474,9'4/11
3475,8/171
3476,23
3477,2/51
3478,3/8
3479,82'1/3
3480,120
3481,3
3482,19'1/13
3483,34
3484,9'2/7
3485,1'2/13
3486,216
3487,1'1/2
3488,90
3489,2/5
3490,133
3491,2'1/4
3492,74
3493,2/21
3494,7
3495,104
3496,16
3497,29
3498,120
3499,9/13
3500,12
3501,104
3502,4/7
3503,12
3504,17'9/16
3505,18
3506,12
3507,3/4
3508,24
3509,39
3510,72
3511,-5/6
3512,1'1/4
3513,13'2/3
3514,14'1/6
3515,62
3516,7/68
3517,5
3518,21'3/5
3519,24
3520,26'12/13
3521,333
3522,3
3523,2'1/22
3524,-842/77
3525,8
3526,80
3527,12
3528,-34/5
3529,12
3530,15
3531,239
3532,216
3533,17'9/17
3534,34
3535,-69/8
3536,3
3537,10/133
3538,3
3539,90
3540,11/13
3541,27
3542,143
3543,228
3544,3
3545,1/21
3546,12
3547,13
3548,15/238
3549,19
3550,4/595
3551,1/153
3552,56
3553,18
3554,251
3555,8'1/2
3556,14'8/9
3557,2'1/7
3558,1'2/3
3559,61
3560,16
3561,10'7/11
3562,34'4/5
3563,273
3564,45
3565,600
3566,14'2/17
3567,15'2/5
3568,19'3/4
3569,130
3570,1
3571,12
3572,26
3573,64
3574,4/27
3575,18/19
3576,19
3577,28
3578,14
3579,161
3580,32
3581,5/24
3582,1/20
3583,42
3584,1'2/11
3585,68
3586,14
3587,27
3588,42'2/3
3589,3'3/4
3590,20'5/19
3591,40
3592,-53/6
3593,91
3594,65
3595,280
3596,4'6/133
3597,0
3598,30
3599,32
3600,23
3601,9
3602,33
3603,21
3604,13
3605,323
3606,20'2/11
3607,16
3608,7
3609,8/19
3610,-2391/8
3611,2/585
3612,4'8/9
3613,13'1/14
3614,108
3615,31
3616,2'1/4
3617,4/39
3618,13
3619,1/3
3620,11'3/5
3621,-26/15
3622,14'28/39
3623,119
3624,18'999981/1000000
3625,6'6/13
3626,2/15
3627,10
3628,5/972
3629,19'14/17
3630,14
3631,3'8/255
3632,7/18
3633,2/45
3634,7
3635,19'5/8
3636,217
3637,247
3638,-7/8
3639,114'2/7
3640,13
3641,114
3642,1/7
3643,8
3644,16/33
3645,18
3646,9'5/14
3647,136'1/18
3648,65
3649,368
3650,29'1/3
3651,54
3652,1'5/7
3653,5/6
3654,151
3655,1
3656,56
3657,18
3658,1'1/18
3659,14
3660,5
3661,2
3662,-20/9
3663,112
3664,1
3665,10
3666,180
3667,3'1/2
3668,17
3669,21
3670,182
3671,5'15/68
3672,17'15/16
3673,9'13/20
3674,23
3675,8
3676,401
3677,26
3678,27'15/16
3679,3
3680,2/91
3681,47
3682,35
3683,22
3684,65
3685,48
3686,16
3687,19
3688,2/11
3689,6/7
3690,14'14/19
3691,195
3692,18
3693,16'13/120
3694,134'2/5
3695,5'7/13
3696,16
3697,18
3698,117
3699,5
3700,11
3701,190
3702,25
3703,9'1/3
3704,4
3705,224
3706,19'1/10
3707,1/70
3708,12'3/4
3709,0'1/-2
3710,9
3711,4/25
3712,22
3713,1'2/5
3714,19
3715,2'3/4
3716,23'4/17
3717,67'2/3
3718,175
3719,26
3720,1'6/7
3721,6'1/2
3722,148
3723,36
3724,12'2/3
3725,21
3726,79
3727,27
3728,1'6/13
3729,24
3730,1'1/2
3731,4
3732,6
3733,286
3734,16'1/2
3735,57
3736,13/16
3737,10
3738,5
3739,18
3740,280
3741,187
3742,18
3743,140
3744,4/17
3745,1/24
3746,-2/3
3747,16
3748,25/44
3749,1'1/4
3750,19
3751,-5/51
3752,14
3753,7/22
3754,66
3755,4'6/19
3756,77
3757,15
3758,1'7/8
3759,26
3760,21
3761,3/380
3762,1/16
3763,12
3764,1'1/18
3765,2/11
3766,1'1/7
3767,182'1/2
3768,5'1/17
3769,16'1/2
3770,218
3771,27
3772,26'1/16
3773,15'2/3
3774,16
3775,2
3776,35
3777,1'1/4
3778,390
3779,4/855
3780,3/91
3781,1/31
3782,13
3783,29'5/11
3784,97
3785,1/19
3786,6
3787,13
3788,3/680
3789,1/3
3790,7
3791,34
3792,75
3793,6'3/5
3794,19'1/5
3795,40
3796,4
3797,16
3798,256
3799,3'11/15
3800,4
3801,1'1/5
3802,0
3803,7
3804,6'15/17
3805,84
3806,47
3807,1/21
3808,9'1/4
3809,35'7/9
3810,-8/9
3811,360
3812,168
3813,88
3814,0
3815,12
3816,65
3817,50
3818,9
3819,0
3820,16'7/19
3821,254
3822,115
3823,378
3824,36
3825,2'8/17
3826,1/5
3827,53'11/17
3828,46'1/7
3829,1
3830,7
3831,1'1/12
3832,22
3833,151
3834,288
3835,13'1/7
3836,-5/66
3837,43
3838,22
3839,102
3840,32
3841,37
3842,-4/5
3843,3
3844,13/36
3845,17'9/17
3846,3'2/3
3847,18
3848,11'1/3
3849,28
3850,19
3851,69
3852,2
3853,25
3854,22
3855,7
3856,157
3857,561
3858,1'8/9
3859,1'3/5
3860,2/3
3861,33
3862,69
3863,28
3864,54
3865,25
3866,24
3867,8
3868,135
3869,12'5/16
3870,24
3871,9
3872,93
3873,2/3
3874,16
3875,18
3876,8'5/13
3877,1/54
3878,3'5/168
3879,8
3880,22
3881,380
3882,128
3883,13
3884,3/4
3885,35
3886,6
3887,131/342
3888,7
3889,66
3890,15/68
3891,78/107
3892,17
3893,11
3894,92
3895,12
3896,20/77
3897,48
3898,210
3899,11
3900,15
3901,384
3902,38
3903,4
3904,34
3905,18'9/13
3906,5/8
3907,3/16
3908,3
3909,390
3910,11'17/88
3911,8
3912,1'3/16
3913,2'7/13
3914,2/99
3915,14
3916,19'3/19
3917,0
3918,16
3919,20
3920,247
3921,23'4/5
3922,12
3923,20
3924,1'2/3
3925,28
3926,7
3927,10'3/14
3928,3/1672
3929,204
3930,1/16
3931,0
3932,5
3933,10
3934,0
3935,1/30
3936,94
3937,33
3938,1'7/8
3939,10
3940,90
3941,2
3942,39
3943,10
3944,154
3945,4'1/2
3946,97
3947,0'1/-2
3948,361'1/3
3949,2'2/3
3950,3
3951,15
3952,1
3953,8
3954,38
3955,146
3956,146
3957,57
3958,1/14
3959,11
3960,54
3961,140
3962,8
3963,8/15
3964,3'13/19
3965,68
3966,224
3967,67
3968,10
3969,1/48
3970,240
3971,15
3972,32
3973,1/10
3974,14'5/8
3975,4'7/18
3976,340
3977,2'2/9
3978,19/25
3979,15'4/11
3980,11
3981,12
3982,96
3983,17
3984,7
3985,29
3986,34
3987,8/45
3988,11'2/15
3989,25
3990,10
3991,135
3992,15/16
3993,23
3994,6'1/5
3995,13/20
3996,4/99
3997,2/17
3998,262
3999,35'1/2
4000,54
4001,24
4002,3'1/2
4003,0
4004,4'3/20
4005,13
4006,35
4007,80
4008,0
4009,15
4010,7/11
4011,1
4012,18'43/45
4013,0
4014,10/17
4015,90
4016,19
4017,72
4018,3/187
4019,152
4020,9
4021,32
4022,58
4023,25/204
4024,32
4025,1/10
4026,4/5
4027,285'1/16
4028,98
4029,13'1/16
4030,12
4031,16
4032,187
4033,2'80/133
4034,18/19
4035,661
4036,8/9
4037,16/17
4038,14
4039,14'11/15
4040,23'4/5
4041,0
4042,-101/9
4043,5/31
4044,19'17/126
4045,11
4046,3
4047,36
4048,18
4049,2/9
4050,2'3/7
4051,152
4052,76
4053,964
4054,6'1/17
4055,4'9/28
4056,153
4057,168
4058,24
4059,34
4060,14
4061,17
4062,72
4063,14
4064,8
4065,162
4066,1/27
4067,65
4068,20
4069,110
4070,29
4071,10/21
4072,16/17
4073,2/39
4074,2'1/6
4075,150
4076,160
4077,1/18
4078,17
4079,5
4080,11'23/26
4081,56
4082,3'11/14
4083,19
4084,1'29/91
4085,39
4086,10
4087,18
4088,4
4089,17
4090,3/16
4091,280
4092,2
4093,2'7/22
4094,4
4095,32
4096,5'1/2
4097,391
4098,4
4099,78
4100,18
4101,8'5/14
4102,4'5/7
4103,33
4104,20
4105,3'1/4
4106,1'5/112
4107,2'1/4
4108,1/20
4109,7
4110,20
4111,1/540
4112,11'13/18
4113,1/5
4114,3/100
4115,208
4116,1/32
4117,51
4118,254
4119,12
4120,221
4121,110'1/2
4122,19
4123,200/209
4124,19
4125,285
4126,13
4127,1/72
4128,3/7
4129,9
4130,17
4131,26'1/8
4132,177
4133,23
4134,11/17
4135,0'7/-10
4136,49
4137,22
4138,21
4139,126
4140,-83/19
4141,11/2160
4142,2/323
4143,5/14
4144,1/272
4145,19
4146,176
4147,16/1053
4148,380
4149,14'4/19
4150,5/4104
4151,4'2/3
4152,10
4153,17'1/2
4154,1/33
4155,13
4156,10'1/18
4157,44
4158,5
4159,-40/19
4160,364
4161,3
4162,29
4163,34
4164,19
4165,25'13/18
4166,7/60
4167,7/8
4168,11
4169,11/68
4170,187
4171,19'11/16
4172,171'7/12
4173,12
4174,0'1/-2
4175,1
4176,11/3360
4177,13'3/13
4178,97'1/5
4179,169
4180,7
4181,56
4182,72
4183,9
4184,1
4185,96
4186,1
4187,3'1/2
4188,6/7
4189,165
4190,13/20
4191,1'9/14
4192,1'1/4
4193,72
4194,7'3/16
4195,10'1/3
4196,3
4197,170
4198,52
4199,1'7/10
4200,-365/17
4201,91
4202,144
4203,1'3/5
4204,19/884
4205,23
4206,2'2/3
4207,7'1/15
4208,11'3/7
4209,5/12
4210,45
4211,15/98
4212,34'2/9
4213,15'7/13
4214,9
4215,7'1/2
4216,34
4217,-153/10
4218,-99/5
4219,13'3/5
4220,1
4221,17
4222,1'8/19
4223,91'4/5
4224,16
4225,19'3/4
4226,19'1/2
4227,342
4228,17'17/38
4229,21
4230,25
4231,5'1/19
4232,-2/13
4233,20
4234,21
4235,223
4236,14
4237,154
4238,1'2/3
4239,3'1/2
4240,10/13
4241,16'1/2
4242,18/25
4243,12
4244,114
4245,56
4246,13
4247,0
4248,182
4249,21
4250,114
4251,180
4252,4/19
4253,11
4254,36
4255,13/238
4256,1'8/9
4257,-59/4
4258,2
4259,4'1/4
4260,0
4261,4/323
4262,54
4263,56
4264,5/13
4265,1'5/9
4266,0
4267,0
4268,11
4269,217'1/3
4270,139
4271,173
4272,936
4273,2'3/8
4274,4'9/11
4275,41
4276,17'8/11
4277,7'1/5
4278,360
4279,-467/119
4280,36
4281,16
4282,20
4283,19
4284,34
4285,7
4286,79
4287,11
4288,45
4289,147/152
4290,1'2/7
4291,12'4/7
4292,19
4293,12'10/17
4294,1/95
4295,-40/19
4296,360
4297,143
4298,46'3/4
4299,16
4300,9
4301,98
4302,211
4303,8
4304,55
4305,234
4306,16
4307,432
4308,27
4309,8/13
4310,30
4311,3
4312,6'4/17
4313,10
4314,5
4315,67
4316,5/6
4317,32
4318,1'2/3
4319,2'1/4
4320,4'1/2
4321,36
4322,10
4323,96
4324,2
4325,45
4326,20
4327,304'5/9
4328,5
4329,15
4330,26
4331,56
4332,2
4333,49
4334,101
4335,4'1/2
4336,43
4337,21
4338,9
4339,2'8/15
4340,608
4341,4
4342,15
4343,9
4344,128
4345,1/96
4346,5'7/10
4347,18'6/7
4348,121
4349,324
4350,6
4351,3
4352,69
4353,11'8/17
4354,17
4355,-15/16
4356,109
4357,208
4358,1/48
4359,2
4360,70
4361,-118/7
4362,11
4363,247
4364,26'2/9
4365,9/70
4366,34
4367,13/21
4368,180
4369,5/8
4370,4'1/9
4371,4'1/3
4372,20
4373,31
4374,14
4375,198
4376,34
4377,0
4378,39
4379,236
4380,21
4381,1'2/3
4382,16
4383,290
4384,130
4385,4
4386,21'2/3
4387,16'1/2
4388,19
4389,28
4390,22
4391,42
4392,-19/10
4393,260
4394,22'1/6
4395,18
4396,8
4397,1'1/12
4398,37'1/2
4399,5
4400,30
4401,10
4402,12
4403,16'1/3
4404,22
4405,27
4406,11
4407,17'17/84
4408,234
4409,7'1/16
4410,125'5/7
4411,2'1/3
4412,110
4413,-9/5
4414,1/832
4415,10
4416,9/10
4417,-23/4
4418,30
4419,2'3/8
4420,10/11
4421,25
4422,3'1/5
4423,8
4424,41/60
4425,7
4426,89
4427,898
4428,-312/5
4429,30'8/13
4430,365'3/4
4431,19/192
4432,4'7/19
4433,5/96
4434,69
4435,13/180
4436,1/7
4437,106'2/5
4438,22
4439,3
4440,16
4441,13
4442,116
4443,0
4444,5/7
4445,13
4446,114
4447,1/18
4448,11
4449,-83/4
4450,36
4451,1'3/10
4452,63'1/3
4453,23
4454,19
4455,14/19
4456,5
4457,25
4458,100'2/5
4459,3'1/4
4460,9
4461,6
4462,20
4463,1
4464,16'3/5
4465,1'3/16
4466,11/64
4467,91
4468,5'2/19
4469,126
4470,56
4471,6/19
4472,8/35
4473,3/100
4474,5/14
4475,16'1/2
4476,1/4
4477,1
4478,20
4479,1'1/2
4480,17'1/2
4481,11
4482,10'1/18
4483,1
4484,1/5
4485,7/44
4486,1'4/5
4487,12'1/63
4488,8
4489,6
4490,13
4491,9
4492,9
4493,39
4494,79'1/3
4495,107
4496,130
4497,2'8/15
4498,7
4499,6
4500,9
4501,12
4502,1/4
4503,1
4504,288
4505,1/16
4506,20
4507,158
4508,195
4509,90
4510,4/33
4511,7
4512,10
4513,304
4514,2
4515,191
4516,140
4517,39
4518,27
4519,-83/14
4520,1'2/17
4521,31
4522,35
4523,2/15
4524,4
4525,-135/17
4526,14
4527,16'3/10
4528,5/152
4529,19
4530,11
4531,240
4532,11
4533,9
4534,1'4/7
4535,324
4536,3
4537,24
4538,8/19
4539,23
4540,13/77
4541,44
4542,12
4543,14
4544,263
4545,34
4546,19'12/17
4547,5/102
4548,7/10
4549,39
4550,226
4551,3
4552,266
4553,1'1/10
4554,5'18/19
4555,18
4556,25
4557,7'2/9
4558,275
4559,27'17/19
4560,32
4561,193'1/10
4562,16
4563,181
4564,16'6/7
4565,5
4566,12
4567,15
4568,28
4569,10'1/12
4570,90
4571,31/39
4572,18
4573,11'18/133
4574,19
4575,1
4576,3/4
4577,23'9/16
4578,1'2/7
4579,15'8/13
4580,9
4581,1/7
4582,12'46/49
4583,7
4584,23
4585,120
4586,46'3/7
4587,3
4588,110
4589,6'5/14
4590,2
4591,29
4592,3
4593,158
4594,161
4595,6
4596,-54/11
4597,48
4598,7/15
4599,1/17
4600,13/14
4601,155
4602,150
4603,1/9
4604,11
4605,67/70
4606,121
4607,3'4/11
4608,17/19
4609,3/40
4610,7/9
4611,1'4/5
4612,171
4613,680
4614,7
4615,2'1/3
4616,-59/6
4617,54
4618,61
4619,3'23/36
4620,28
4621,306'16/17
4622,3
4623,5
4624,18
4625,12
4626,55
4627,1
4628,56
4629,3/896
4630,202
4631,189'8/17
4632,12
4633,4
4634,4
4635,7/16
4636,136
4637,15
4638,1'4/7
4639,329
4640,20
4641,-36/17
4642,67
4643,2/5
4644,55
4645,77
4646,19
4647,3/4
4648,2'1/4
4649,1'7/9
4650,28
4651,432
4652,24
4653,2'55/96
4654,1'5/13
4655,6
4656,263
4657,12/19
4658,11
4659,3
4660,8/195
4661,13
4662,15'13/18
4663,10'5/6
4664,4/9
4665,24/43
4666,21'4/11
4667,8
4668,5'1/3
4669,4
4670,56
4671,7/8
4672,1
4673,5/13
4674,60
4675,10/19
4676,6'2/3
4677,-503/104
4678,4/5
4679,9
4680,23'6/17
4681,100
4682,17
4683,4
4684,2/5
4685,12
4686,25
4687,3/4
4688,5/352
4689,99
4690,36
4691,519
4692,167
4693,59'6/11
4694,1/14
4695,14
4696,9
4697,12
4698,2/5
4699,224
4700,2'3/8
4701,1/39
4702,306
4703,5/18
4704,29
4705,7
4706,19
4707,21
4708,13
4709,6'8/35
4710,5'2/5
4711,19'1/9
4712,1
4713,6
4714,35
4715,7/10
4716,10
4717,7'9/76
4718,2
4719,2/7
4720,1
4721,11'11/17
4722,32
4723,206
4724,285
4725,800
4726,3/8
4727,183
4728,7
4729,110
4730,1/68
4731,14'15/16
4732,5/7
4733,323
4734,4/27
4735,9/26
4736,-282/289
4737,19'3/10
4738,17
4739,4'3/8
4740,1
4741,25
4742,128
4743,1/2
4744,234
4745,9'1/10
4746,12
4747,26
4748,6
4749,9
4750,7'2/3
4751,304
4752,21
4753,1
4754,8
4755,7
4756,96
4757,1/90
4758,84
4759,52
4760,24
4761,5/2052
4762,2/5
4763,153
4764,-139/7
4765,19
4766,5/13
4767,33
4768,18
4769,17'13/17
4770,660
4771,2'4/7
4772,9
4773,12'1/2
4774,1/315
4775,-19/17
4776,16'1/3
4777,70
4778,1'5/19
4779,5/323
4780,17
4781,32
4782,1'7/9
4783,0
4784,17'1/72
4785,143
4786,3/17
4787,14
4788,15'4/7
4789,35
4790,154
4791,16
4792,21
4793,45'5/13
4794,23
4795,-1385/18
4796,7/32
4797,72
4798,586
4799,15
4800,-5/6
4801,12/13
4802,34
4803,31
4804,225
4805,16
4806,53'1/3
4807,-2047/342
4808,8
4809,36
4810,1'3/5
4811,323
4812,8/63
4813,54'5/6
4814,21
4815,20
4816,14'15/19
4817,83
4818,40
4819,18
4820,3'1/2
4821,2
4822,1'9/10
4823,47
4824,18
4825,1'1/17
4826,1/19
4827,24
4828,1'4/5
4829,1/3
4830,32
4831,0'7/-16
4832,-15/4
4833,34
4834,12
4835,27
4836,28
4837,196
4838,29'7/9
4839,16'5/9
4840,3/16
4841,32
4842,23'16/19
4843,99
4844,18
4845,3'1/6
4846,4'1/4
4847,24
4848,255
4849,60
4850,8'1/3
4851,19'5/17
4852,23
4853,9
4854,15
4855,18
4856,9
4857,87
4858,39'7/11
4859,2
4860,1'9/10
4861,201
4862,4'5/14
4863,120
4864,12'13/16
4865,20
4866,48
4867,10
4868,104
4869,5'2/3
4870,643
4871,29'5/9
4872,222
4873,21'1/3
4874,1
4875,1
4876,1/6
4877,21
4878,18'1/3
4879,19
4880,4/9
4881,26
4882,182
4883,8'3/7
4884,16
4885,26
4886,238
4887,22
4888,84
4889,0'130/-133
4890,19
4891,16
4892,22'1/9
4893,208
4894,2
4895,31
4896,1'3/5
4897,0
4898,26
4899,205
4900,34
4901,141
4902,14
4903,33
4904,33
4905,-69/8
4906,1/33
4907,18'2/15
4908,8'1/9
4909,225
4910,9'16/17
4911,5'1/3
4912,6/7
4913,900
4914,136
4915,30
4916,-217/19
4917,1/16
4918,127'2/3
4919,187
4920,12'4/15
4921,7'1/2
4922,4'11/13
4923,19'7/11
4924,5/27
4925,171
4926,221
4927,102
4928,1'17/19
4929,0
4930,166
4931,28
4932,5'3/11
4933,13/17
4934,1'7/8
4935,1/19
4936,31
4937,99
4938,5
4939,15/143
4940,12
4941,1'21/34
4942,1/54
4943,2/11
4944,238
4945,1'1/2
4946,5/6
4947,4
4948,146
4949,13
4950,25'1/5
4951,1/16
4952,34
4953,2
4954,19'1/45
4955,-1231/112
4956,1'1/5
4957,2
4958,306
4959,7/80
4960,12
4961,11'4/13
4962,7
4963,15
4964,29
4965,220
4966,3
4967,5
4968,17
4969,2'3/4
4970,5
4971,1
4972,-153/11
4973,7/17
4974,8'3/13
4975,18'1/2
4976,17'3/8
4977,8/19
4978,18
4979,2'1/3
4980,26
4981,1'2/15
4982,63/65
4983,0
4984,4'1/4
4985,306
4986,5/11
4987,4
4988,52'1/2
4989,29
4990,1/7
4991,48
4992,101
4993,66
4994,19
4995,18
4996,12
4997,2/5
4998,23
4999,21'11/15
5000,2
5001,72
5002,153
5003,70
5004,36'8/11
5005,66
5006,7'3/4
5007,5
5008,2'1/9
5009,1'2/5
5010,11/18
5011,19
5012,49
5013,3'4/5
5014,-139/9
5015,14'65/72
5016,432
5017,3
5018,56
5019,90
5020,15/64
5021,27
5022,-32/171
5023,3
5024,756
5025,7
5026,0
5027,7
5028,239
5029,1
5030,39
5031,31
5032,17
5033,13
5034,368
5035,2'1/4
5036,7
5037,2'21/34
5038,8
5039,14
5040,42
5041,6'9/14
5042,12
5043,10
5044,66
5045,25
5046,4/5
5047,6
5048,7
5049,7
5050,11
5051,13/17
5052,14'7/9
5053,111
5054,34
5055,5/34
5056,190
5057,-32/5
5058,-105/16
5059,2'1/6
5060,35
5061,26
5062,-71/11
5063,30
5064,14
5065,143
5066,14
5067,16
5068,17
5069,0
5070,171
5071,47
5072,6
5073,3/20
5074,18
5075,15
5076,9/10
5077,13'4/5
5078,113
5079,1'5/7
5080,14
5081,6/25
5082,9
5083,1/18
5084,6'9/13
5085,2
5086,2/21
5087,15
5088,87
5089,43
5090,18/19
5091,1'2/13
5092,71
5093,29'2/3
5094,25
5095,15
5096,18
5097,13/4352
5098,342
5099,5'1/13
5100,4/13
5101,60
5102,1'4/5
5103,0
5104,-4/5
5105,1
5106,80
5107,9
5108,19
5109,6
5110,11/17
5111,67
5112,105
5113,1'5/8
5114,16'23/26
5115,5
5116,218
5117,52
5118,18'2/3
5119,7/10
5120,4'4/7
5121,26
5122,15'4/11
5123,2'8/9
5124,9'7/9
5125,5'2/3
5126,6'5/6
5127,8/63
5128,25
5129,7
5130,198
5131,107
5132,38
5133,4
5134,20'14/19
5135,1'1/4
5136,14
5137,24
5138,15
5139,307
5140,151
5141,165
5142,16
5143,324
5144,217
5145,3
5146,1'181/192
5147,6
5148,54
5149,-184/9
5150,31
5151,21
5152,12
5153,2/9
5154,16
5155,100
5156,2'4/5
5157,102
5158,29
5159,44
5160,1'11/288
5161,0
5162,-62/9
5163,22
5164,13
5165,72
5166,25
5167,1/10
5168,15
5169,9/118
5170,1'7/11
5171,42
5172,13'1/2
5173,26
5174,206
5175,4'2/3
5176,3
5177,3
5178,5
5179,6
5180,18'1/2
5181,2
5182,62
5183,10
5184,1'1/4
5185,342
5186,-33/17
5187,0
5188,195
5189,4'1/3
5190,-5/8
5191,162
5192,9/19
5193,27'1/4
5194,104
5195,176
5196,4/5
5197,30
5198,333
5199,13
5200,3'5/17
5201,4/45
5202,14
5203,6
5204,70
5205,8
5206,17
5207,5
5208,4
5209,5
5210,2/3
5211,11
5212,7'5/16
5213,27
5214,872
5215,1'4/7
5216,97
5217,56
5218,12
5219,7/12
5220,7
5221,1/6
5222,60
5223,360
5224,12
5225,5/24
5226,100
5227,1'3/13
5228,5
5229,0
5230,6'6/19
5231,300
5232,192
5233,4
5234,6
5235,34
5236,952
5237,2'1/3
5238,238
5239,5'2/27
5240,0
5241,6
5242,238
5243,18
5244,240
5245,1'5/8
5246,162
5247,13
5248,6
5249,13
5250,16
5251,4'1/2
5252,1/9
5253,1'6/11
5254,41
5255,23
5256,5
5257,10'1/5
5258,12'12/29
5259,4
5260,34
5261,3'2/3
5262,4
5263,1'1/12
5264,10
5265,5'1/5
5266,1
5267,3'4/5
5268,171
5269,14
5270,1'6/17
5271,121
5272,80
5273,1/931
5274,22'1/3
5275,19/104
5276,1
5277,7/4199
5278,2/5
5279,120
5280,29
5281,18
5282,-65/6
5283,234
5284,15
5285,1/54
5286,-2/3
5287,25'15/19
5288,125
5289,9
5290,18
5291,4
5292,122
5293,20
5294,12
5295,0
5296,36
5297,0'9/-182
5298,15'4/5
5299,0'1/-8
5300,21
5301,1'4/7
5302,261
5303,27
5304,46'1/16
5305,8
5306,19/35
5307,1
5308,5'10/11
5309,1/5
5310,272
5311,24
5312,4/19
5313,2/17
5314,16
5315,15'2/9
5316,303
5317,1
5318,67
5319,53
5320,4'1/3
5321,36
5322,19'5/6
5323,21
5324,21
5325,3/4
5326,5'4/7
5327,27
5328,2
5329,1/8
5330,15/19
5331,0'1/-30
5332,5/11
5333,19
5334,33
5335,27
5336,260
5337,1
5338,1'2/11
5339,15
5340,40
5341,19
5342,26
5343,250
5344,1/45
5345,2/5
5346,11
5347,9
5348,19
5349,10
5350,18
5351,8
5352,107
5353,2
5354,16'7/16
5355,2'1/2
5356,1/2
5357,112
5358,456
5359,3
5360,55
5361,11
5362,8
5363,9
5364,288
5365,50
5366,17'15/17
5367,30
5368,2'10/17
5369,3
5370,20
5371,13/102
5372,8
5373,46
5374,10'5/6
5375,13/44
5376,18
5377,1/60
5378,3/85
5379,24
5380,0'1/-4
5381,5
5382,169
5383,14
5384,6'3/5
5385,6'1/3
5386,1'4/7
5387,14'6/7
5388,1'5/9
5389,41
5390,26
5391,70
5392,8'1/3
5393,1'4/7
5394,28
5395,81
5396,18
5397,320
5398,8'3/4
5399,1
5400,316
5401,288
5402,13/19
5403,-25/16
5404,65
5405,176
5406,238
5407,269
5408,6'2/15
5409,-32/5
5410,155
5411,0
5412,-1025/57
5413,2'2/3
5414,25
5415,11'6/19
5416,4/5
5417,21'1/3
5418,-180/19
5419,12
5420,3
5421,60
5422,47
5423,129
5424,17
5425,25
5426,312'1/2
5427,3
5428,82
5429,22
5430,5/14
5431,11'2/13
5432,25
5433,-180/17
5434,4'3/4
5435,22
5436,180
5437,19
5438,98
5439,28
5440,8
5441,23
5442,6'2/3
5443,1/2
5444,15
5445,1
5446,3
5447,1'2/3
5448,2'7/8
5449,7
5450,20'9/10
5451,3'13/168
5452,21
5453,114
5454,4
5455,3/76
5456,-13/11
5457,29
5458,1/612
5459,1'2/27
5460,570
5461,-212/15
5462,26
5463,11'1/2
5464,38
5465,312
5466,19
5467,10
5468,18
5469,17
5470,5
5471,50
5472,0
5473,1'7/8
5474,13
5475,284
5476,1'17/39
5477,4'4/7
5478,145
5479,216
5480,23
5481,27
5482,1'2/13
5483,270
5484,25/288
5485,39
5486,-1359/152
5487,314
5488,2
5489,48
5490,15'3/4
5491,171
5492,13
5493,15
5494,21
5495,64
5496,2
5497,1/6
5498,0
5499,190
5500,167
5501,16'65/76
5502,-14/3
5503,27
5504,1/40
5505,19
5506,-59/6
5507,189
5508,8
5509,248
5510,2/13
5511,52
5512,2'1/8
5513,19
5514,29
5515,3'5/6
5516,12'2/7
5517,4'1/2
5518,26
5519,19
5520,72
5521,1/42
5522,18
5523,6
5524,109
5525,406
5526,26
5527,165
5528,198
5529,7/80
5530,216
5531,7/8
5532,19/46
5533,6/19
5534,4'141/143
5535,82
5536,54'1/9
5537,15'5/13
5538,114
5539,56
5540,28
5541,306
5542,5'2/15
5543,8/19
5544,57
5545,1/42
5546,17/57
5547,-7/12
5548,1'4/15
5549,24
5550,84
5551,7
5552,-44/7
5553,10'25/38
5554,320
5555,4
5556,15
5557,1/3
5558,0
5559,31
5560,1'3/10
5561,2'1/4
5562,36
5563,37
5564,48
5565,5'7/9
5566,86
5567,2'14/31
5568,6
5569,8
5570,23
5571,2'1/16
5572,1
5573,7'6/17
5574,1/4
5575,7
5576,5'5/7
5577,18
5578,1
5579,-23/3
5580,1/14
5581,20
5582,246
5583,18
5584,5
5585,2'5/6
5586,261
5587,21
5588,5/11
5589,11
5590,61
5591,27
5592,8'4/15
5593,30
5594,12'15/16
5595,9
5596,29
5597,2'3/7
5598,8'75/77
5599,168'1/3
5600,3'1/4
5601,0'1/-12
5602,55'4/9
5603,17'1/9
5604,4/105
5605,14'5/7
5606,1/357
5607,4/13
5608,5
5609,154
5610,2
5611,20'4/7
5612,39
5613,7/243
5614,50
5615,1/171
5616,262
5617,-35/4
5618,8
5619,4'1/4
5620,-17/251
5621,27
5622,10
5623,14
5624,15/154
5625,2/5
5626,24
5627,74
5628,7'7/16
5629,16/33
5630,4'4/9
5631,9/208
5632,55
5633,18
5634,13'1/2
5635,15
5636,13
5637,117
5638,1'1/6
5639,1/13
5640,2/3
5641,3
5642,152
5643,6'1/5
5644,6'4/11
5645,14
5646,10
5647,22
5648,19
5649,1/88
5650,5/8
5651,17
5652,313
5653,36
5654,-9/289
5655,1'4/11
5656,204
5657,8
5658,210
5659,-51/11
5660,425
5661,5
5662,7'1/7
5663,0'1/-9
5664,36
5665,7/10
5666,105
5667,14
5668,66
5669,3'17/132
5670,27
5671,6'1/6
5672,10/27
5673,6
5674,10
5675,112
5676,10'7/10
5677,2'7/9
5678,4'1/13
5679,1'8/11
5680,9
5681,256'5/9
5682,3/4
5683,44
5684,14
5685,18'2/3
5686,85/133
5687,3'1/6
5688,18
5689,25
5690,25
5691,0
5692,8'19/21
5693,27
5694,20
5695,4/11
5696,-38/9
5697,15
5698,1'3/5
5699,2/21
5700,2
5701,8
5702,22'1/2
5703,144
5704,2/3
5705,9/95
5706,224
5707,17
5708,147
5709,38
5710,6/7
5711,6
5712,1/32
5713,8
5714,9/17
5715,205
5716,203
5717,32
5718,1/108
5719,14
5720,0
5721,1'1/8
5722,13
5723,3'4/21
5724,5
5725,6
5726,5'1/2
5727,6'5/9
5728,1/12
5729,1/55
5730,0
5731,1
5732,11
5733,15'7/8
5734,10'1/2
5735,6
5736,60
5737,14
5738,7'3/20
5739,10'3/4
5740,2/9
5741,15
5742,18
5743,1'11/15
5744,11
5745,17
5746,1/10
5747,17/135
5748,67
5749,21'3/17
5750,0'4/-23
5751,2'47/51
5752,2'8/25
5753,20'5/204
5754,15/143
5755,2/5
5756,48
5757,3
5758,195
5759,26
5760,4
5761,1
5762,2'4/11
5763,1'1/4
5764,2/15
5765,23
5766,17
5767,39
5768,11
5769,1/60
5770,8
5771,1
5772,255
5773,18'2/3
5774,9'1/2
5775,43
5776,11
5777,18
5778,1'9/26
5779,45'1/15
5780,37
5781,0'4/-15
5782,13'2/7
5783,108
5784,13'15/17
5785,17
5786,50
5787,3'1/6
5788,154
5789,20
5790,15'3/5
5791,204
5792,1'1/8
5793,18'17/140
5794,237
5795,17
5796,25
5797,8/13
5798,19
5799,8/19
5800,152
5801,15'2/15
5802,11'7/15
5803,180
5804,20
5805,6
5806,20
5807,3
5808,12'9/11
5809,147
5810,5
5811,1'1/10
5812,0
5813,3
5814,9/13
5815,2/15
5816,22'1/2
5817,16/31
5818,1/7
5819,13/17
5820,810
5821,14
5822,1'5/9
5823,305
5824,95
5825,5
5826,147
5827,6
5828,7'9/16
5829,7
5830,28/57
5831,12'2/7
5832,632
5833,11
5834,1'1/2
5835,-139/14
5836,17'11/13
5837,22
5838,29
5839,17
5840,15
5841,7'11/14
5842,1/900
5843,11'1/7
5844,68
5845,36
5846,-173/20
5847,1'2/15
5848,21
5849,16'2/3
5850,3
5851,26
5852,767
5853,25'2/3
5854,4'3/4
5855,6'4/15
5856,1'1/6
5857,5'3/10
5858,255
5859,138
5860,35
5861,24
5862,224'5/16
5863,343
5864,3/35
5865,15
5866,102
5867,17
5868,4'1/17
5869,10/27
5870,2
5871,1/12
5872,5
5873,1'5/16
5874,1/7
5875,15'5/9
5876,16'1/9
5877,28
5878,1'13/19
5879,28
5880,17
5881,1
5882,4'6/7
5883,5'3/5
5884,14/2805
5885,5'1/9
5886,56'1/2
5887,17
5888,7'1/2
5889,31'7/8
5890,13/15
5891,20'1/3
5892,28
5893,2
5894,12
5895,14
5896,27
5897,0'155/-198
5898,5
5899,21
5900,221
5901,10'2/3
5902,1'4/5
5903,25
5904,51/250000
5905,16'3/16
5906,7/12
5907,8'1/4
5908,8'2/3
5909,3/13
5910,1'2/3
5911,16
5912,6
5913,302
5914,5/19
5915,63
5916,3
5917,19'1/20
5918,16/19
5919,4/19
5920,45
5921,260
5922,3
5923,47'1/2
5924,20
5925,200
5926,228
5927,9'3/4
5928,15'14/323
5929,14
5930,1/4
5931,63
5932,13/22
5933,35
5934,1
5935,8
5936,7/15
5937,60
5938,2
5939,17
5940,9
5941,16
5942,162
5943,3/7
5944,8
5945,1/5
5946,125
5947,5/8
5948,104
5949,66
5950,15
5951,1/27
5952,1'5/6
5953,113
5954,1/2
5955,45
5956,1'1/10
5957,2'1/3
5958,30
5959,21
5960,16/17
5961,227/323
5962,188
5963,15
5964,18
5965,7/8
5966,12
5967,33
5968,102
5969,15
5970,1/7
5971,5/13
5972,157/198
5973,19
5974,96
5975,20
5976,5
5977,6
5978,1'3/11
5979,2'2/7
5980,-704/65
5981,6'5/8
5982,18/77
5983,4'1/4
5984,11/108
5985,3'9/17
5986,45
5987,14'1/3
5988,-233/80
5989,1
5990,-12/5
5991,192
5992,33
5993,8'1/8
5994,25
5995,24
5996,266
5997,20'1/6
5998,21
5999,8/57
6000,10
6001,25
6002,292
6003,13
6004,220
6005,-23/3
6006,0
6007,1'4/5
6008,19
6009,23
6010,9
6011,16'13/16
6012,5
6013,0
6014,6
6015,4'1/7
6016,2
6017,0
6018,1/4
6019,25'4/15
6020,34'5/8
6021,20'6/7
6022,22
6023,182
6024,255
6025,7'14/15
6026,16
6027,72
6028,45
6029,15
6030,51
6031,4'1/2
6032,14
6033,1
6034,16
6035,167
6036,8'2/7
6037,17'8/15
6038,20
6039,2'4/5
6040,1
6041,33
6042,16
6043,60
6044,21
6045,8
6046,37
6047,28
6048,1/15
6049,7'2/7
6050,18
6051,51
6052,3
6053,2/3
6054,0'5/-209
6055,292'2/19
6056,13'5/6
6057,7
6058,13/16
6059,78
6060,19/23
6061,50
6062,2'1/17
6063,1/6
6064,1'2/13
6065,6
6066,1
6067,15
6068,25
6069,2/7
6070,12'5/13
6071,0'1/-3
6072,1/150
6073,12/19
6074,35
6075,15
6076,1/19
6077,751
6078,21
6079,-2/3
6080,1'1/14
6081,38'6/7
6082,168
6083,12
6084,13'6/7
6085,0
6086,418
6087,9'1/2
6088,18'1/4
6089,1
6090,34
6091,153
6092,17'1/7
6093,19
6094,1/2
6095,90'1/14
6096,42'7/9
6097,5
6098,7
6099,34
6100,7
6101,22
6102,15/17
6103,9
6104,16
6105,5/6
6106,18
6107,234
6108,16
6109,1/95
6110,4
6111,97
6112,19
6113,9/10
6114,9
6115,1/36
6116,160
6117,7
6118,1/24
6119,2'1/9
6120,4'1/3
6121,13
6122,60
6123,12
6124,216
6125,19
6126,78
6127,20'5/7
6128,-153/14
6129,5
6130,28
6131,341
6132,1/20
6133,9/10
6134,17
6135,6/13
6136,1/12
6137,10
6138,15
6139,112
6140,20
6141,72
6142,5/8
6143,17
6144,2'6/11
6145,13'5/7
6146,11
6147,2
6148,7
6149,2/225
6150,0
6151,48
6152,14
6153,34
6154,3/4
6155,25
6156,1'13/21
6157,30
6158,4
6159,1'1/2
6160,0
6161,18
6162,12/133
6163,11'25/42
6164,-27/4
6165,1/6
6166,30/91
6167,13
6168,18'6/13
6169,5'1/2
6170,225
6171,28
6172,4/55
6173,1/4
6174,240
6175,18
6176,105
6177,139
6178,1'1/2
6179,29'3/4
6180,9
6181,4/21
6182,30
6183,311
6184,71/81
6185,42
6186,22
6187,23
6188,15'13/16
6189,-5/193
6190,33
6191,4
6192,27
6193,15'1/5
6194,8/209
6195,2'7/11
6196,75
6197,17
6198,11/270
6199,-95/12
6200,-23/8
6201,38
6202,150
6203,10
6204,31'5/6
6205,115
6206,221
6207,13
6208,2'3/7
6209,18
6210,151
6211,4/5
6212,11/20
6213,-151/19
6214,6/11
6215,-11/6
6216,5
6217,0'15/-272
6218,55
6219,61
6220,0
6221,80
6222,60
6223,16
6224,87
6225,45/304
6226,3
6227,28
6228,39
6229,280
6230,4
6231,137
6232,22
6233,1'2/3
6234,23
6235,238
6236,6'3/4
6237,30
6238,32
6239,244
6240,6
6241,18/19
6242,14'1/2
6243,18
6244,3'3/5
6245,8/173
6246,1/120
6247,3'5/11
6248,42
6249,1/125000
6250,13'1/4
6251,126
6252,156
6253,122
6254,10/11
6255,13/16
6256,27
6257,162
6258,2'1/3
6259,5/7
6260,27
6261,0'1/-3
6262,6
6263,1'41/44
6264,16'5/9
6265,36
6266,12
6267,20
6268,140
6269,4
6270,6
6271,11'1/2
6272,211
6273,14/19
6274,117
6275,2
6276,21
6277,58
6278,17/36
6279,39
6280,-291/17
6281,1'3/8
6282,-614/3
6283,4'2/3
6284,15
6285,22'1/10
6286,0'1/-8
6287,5
6288,2/7
6289,1/14
6290,74
6291,39
6292,14'4/7
6293,4
6294,10/19
6295,85
6296,-53/3
6297,26'2/5
6298,12'13/18
6299,10'1/2
6300,15'3/4
6301,0
6302,1'5/9
6303,14'3/52
6304,278
6305,9
6306,-11/15
6307,56
6308,1'1/3
6309,160
6310,228
6311,27'2/11
6312,16
6313,320
6314,1'1/7
6315,17/24
6316,16'1/5
6317,18
6318,5'1/7
6319,576
6320,21'12/17
6321,5'1/2
6322,19
6323,25
6324,3
6325,3'1/11
6326,15'7/12
6327,5
6328,75
6329,1'3/4
6330,7/9
6331,84
6332,204
6333,125
6334,16'5/6
6335,4/7
6336,1'10/247
6337,1'1/2
6338,231
6339,100
6340,47
6341,13
6342,166'2/13
6343,4/9
6344,22
6345,19
6346,6
6347,5/19
6348,8'193/208
6349,216
6350,6
6351,8
6352,12'2/9
6353,14/19
6354,168
6355,10'1/14
6356,0
6357,3/4
6358,76
6359,300
6360,9
6361,99'2/3
6362,40
6363,4/5
6364,21
6365,12'2/3
6366,21
6367,216
6368,68'1/6
6369,56
6370,0'1/-20
6371,2
6372,15'13/20
6373,150
6374,19
6375,81'3/5
6376,21
6377,15
6378,36
6379,4'5/9
6380,160
6381,10
6382,226
6383,9
6384,27'9/11
6385,6'1/9
6386,9/11
6387,13
6388,300
6389,48
6390,16
6391,4
6392,0
6393,1'4/9
6394,23
6395,1/384
6396,1/16
6397,30
6398,1/6
6399,32
6400,660
6401,48
6402,313
6403,2/63
6404,31
6405,8
6406,2/7
6407,0
6408,43
6409,12'3/7
6410,81
6411,3/13
6412,1'3/11
6413,6
6414,120
6415,2/7
6416,246
6417,1/330
6418,4'2/3
6419,1'1/5
6420,132
6421,39
6422,13/120
6423,19'1/8
6424,0
6425,271
6426,169
6427,33
6428,43
6429,12
6430,29
6431,1'1/3
6432,25
6433,2/3
6434,6
6435,4
6436,8
6437,266
6438,3
6439,1'13/14
6440,2
6441,3'2/3
6442,15
6443,126
6444,8
6445,320
6446,21
6447,14
6448,11
6449,41
6450,9'3/13
6451,3'3/10
6452,20
6453,1
6454,33
6455,25/32
6456,342'1/9
6457,330
6458,27
6459,2'2/5
6460,31
6461,10
6462,14
6463,161
6464,176
6465,52
6466,28
6467,163
6468,10
6469,56
6470,1/8
6471,19/468
6472,0'13/-18
6473,216
6474,7
6475,3
6476,2/3
6477,6
6478,108
6479,2'1/9
6480,216
6481,-343/12
6482,5/7
6483,1'1/8
6484,2
6485,242
6486,1
6487,-130/17
6488,20
6489,140
6490,-89/15
6491,29'1/13
6492,190
6493,25
6494,19
6495,420
6496,18'15/22
6497,285
6498,1/68
6499,4
6500,1'3/5
6501,244
6502,21'3/4
6503,5'1/7
6504,186
6505,16'9/11
6506,10
6507,1'7/8
6508,3
6509,68
6510,68
6511,40
6512,7
6513,21
6514,20'6/13
6515,6'5/11
6516,11
6517,3'7/8
6518,13
6519,6
6520,16
6521,33
6522,110
6523,29
6524,10'3/4
6525,6/17
6526,154
6527,6
6528,21/200
6529,1'19/192
6530,175
6531,39
6532,-142/13
6533,23
6534,2
6535,396
6536,2
6537,8
6538,156
6539,9/140
6540,4'1/9
6541,1'1/16
6542,15'2/5
6543,1/34
6544,1/18
6545,-29/3
6546,19'1/3
6547,4
6548,15'3/5
6549,33
6550,45
6551,34
6552,33
6553,9
6554,13'3/5
6555,24
6556,1/34
6557,29
6558,247
6559,21'2/13
6560,209
6561,81
6562,24
6563,9
6564,266
6565,26
6566,0
6567,34'2/7
6568,12'4/11
6569,312
6570,17/24
6571,1'1/2
6572,20
6573,14'9/14
6574,13
6575,127'7/10
6576,23
6577,13/14
6578,7'3/5
6579,3'3/5
6580,5'2/3
6581,2/21
6582,13
6583,133
6584,5'4/9
6585,33
6586,7'1/13
6587,21
6588,0
6589,8'1/2
6590,280
6591,20
6592,25
6593,7/9
6594,29'1/7
6595,27
6596,18
6597,44
6598,4'3/5
6599,17'7/8
6600,22
6601,97'13/14
6602,-5/3
6603,5'11/15
6604,88
6605,320
6606,230
6607,10'5/9
6608,2'5/7
6609,4
6610,7
6611,221
6612,1'2/11
6613,30
6614,22
6615,0
6616,20
6617,360
6618,1'1/4
6619,191
6620,4'2/3
6621,7/8
6622,288
6623,22
6624,1/14
6625,15'9/19
6626,3/152
6627,168
6628,-123/17
6629,9/76
6630,120
6631,1'3/40
6632,0
6633,28
6634,200
6635,9
6636,14
6637,13'13/16
6638,3/25
6639,2'13/16
6640,1
6641,106
6642,1/60
6643,10
6644,17
6645,-63/4
6646,8
6647,1'1/6
6648,-119/3
6649,19
6650,127'1/2
6651,13/76
6652,12'10/13
6653,1/7
6654,1'1/6
6655,4'1/4
6656,24
6657,48
6658,6
6659,20
6660,90
6661,47
6662,42
6663,5'11/17
6664,7
6665,102
6666,18'3/10
6667,-111/8
6668,10'1/3
6669,3'2/3
6670,17/18
6671,5
6672,98
6673,24
6674,27
6675,3/95
6676,13/16
6677,1/4
6678,112'5/9
6679,91
6680,4
6681,22
6682,170
6683,364
6684,315'9/13
6685,30
6686,262
6687,18'3/11
6688,1/15
6689,16
6690,5
6691,11
6692,17
6693,26'1/2
6694,6
6695,2/11
6696,3'4/17
6697,675
6698,1/9
6699,21
6700,154
6701,17
6702,228
6703,40
6704,29
6705,7/75
6706,12'3/4
6707,1/4
6708,0
6709,36
6710,20
6711,11
6712,1'5/11
6713,16
6714,9
6715,34
6716,9'9/40
6717,5'15/187
6718,27
6719,24
6720,4
6721,2/375
6722,86
6723,35
6724,12'5/6
6725,48
6726,4/323
6727,17
6728,11/18
6729,3
6730,7'1/12
6731,17'1/7
6732,6/95
6733,29
6734,17'14/17
6735,9'5/8
6736,2/13
6737,2'6/13
6738,2
6739,-12/5
6740,4
6741,9'1/2
6742,12
6743,54
6744,2'2/7
6745,344'5/7
6746,0
6747,63
6748,160
6749,53
6750,176
6751,84
6752,4'10/19
6753,16
6754,1/208
6755,0'24/-209
6756,6
6757,15
6758,147
6759,3
6760,28
6761,23
6762,29'6/13
6763,5
6764,5'1/3
6765,16
6766,81
6767,68
6768,36
6769,2/3
6770,9'1/4
6771,4/11
6772,0
6773,12
6774,225
6775,8/119
6776,1'1/2
6777,10
6778,10
6779,1'7/12
6780,1/5
6781,72
6782,627
6783,10
6784,20'1/2
6785,4'2/15
6786,32
6787,25
6788,3/17
6789,3
6790,17
6791,5
6792,3/5
6793,41
6794,11'7/19
6795,3/34
6796,2/135
6797,14
6798,13'1/3
6799,7
6800,11
6801,12'1/8
6802,11
6803,2'6/19
6804,10'1/5
6805,22
6806,-11/9
6807,5/13
6808,44
6809,1/520
6810,204
6811,9'1/2
6812,31
6813,3'8/13
6814,1'1/3
6815,25
6816,6/11
6817,22'7/20
6818,119
6819,13
6820,73
6821,29
6822,133
6823,20'1/8
6824,22'1/16
6825,-3/10
6826,6'2/3
6827,11'3/5
6828,12
6829,150
6830,-39/4
6831,8
6832,11'2/15
6833,11
6834,0'1/-28
6835,1
6836,14
6837,11/12
6838,1'2/9
6839,180
6840,-39/8
6841,1/3
6842,131
6843,16
6844,272
6845,0'17/-116
6846,17
6847,2
6848,15
6849,6'4/5
6850,1'8/9
6851,1'1/3
6852,10'2/5
6853,18'5/7
6854,22
6855,12/13
6856,51
6857,1'2/17
6858,7/9
6859,86
6860,-47/3
6861,72
6862,8'11/14
6863,5
6864,2
6865,8
6866,422
6867,1
6868,47
6869,14'16/19
6870,63
6871,1/3
6872,0'8/-15
6873,11
6874,11/13
6875,112
6876,4/15
6877,38
6878,107
6879,7'2/9
6880,25
6881,22
6882,56
6883,3
6884,56
6885,14
6886,3/442
6887,315
6888,209
6889,10
6890,29'14/17
6891,306
6892,6
6893,1'5/7
6894,10/13
6895,85
6896,2'3/8
6897,17'2/3
6898,17
6899,-232/15
6900,16'1/15
6901,40
6902,88
6903,12
6904,6
6905,40
6906,15/16
6907,28
6908,0
6909,6
6910,368
6911,1/3
6912,16
6913,2
6914,17/304
6915,23
6916,31
6917,6/119
6918,117
6919,7
6920,17
6921,15
6922,4
6923,225
6924,33
6925,78
6926,99
6927,202
6928,-84/17
6929,245
6930,8
6931,12
6932,42
6933,192
6934,-835/4
6935,11/1053
6936,48
6937,6/7
6938,336
6939,77
6940,19/24
6941,24
6942,34'7/8
6943,61
6944,1'2/3
6945,15'15/17
6946,221
6947,1/16
6948,32
6949,4'2/3
6950,2
6951,96
6952,40
6953,13/16
6954,21
6955,27
6956,35'12/13
6957,1'1/5
6958,14
6959,13
6960,36
6961,17
6962,18
6963,50
6964,39
6965,17/3042
6966,16
6967,1/3
6968,11/40
6969,1'1/7
6970,0'7/-90
6971,111
6972,95
6973,23
6974,4/323
6975,3/79
6976,29
6977,1/16
6978,2'1/4
6979,306
6980,8'5/7
6981,20
6982,25
6983,4'14/19
6984,13
6985,54
6986,292
6987,154
6988,1'6/13
6989,11
6990,9
6991,-29/3
6992,4'4/7
6993,13'107/112
6994,24
6995,5'1/5
6996,5/11
6997,1
6998,13/54
6999,20'4/7
7000,2'1/3
7001,12
7002,173
7003,2
7004,1
7005,1/5
7006,1/9
7007,1/8
7008,1'1/4
7009,9/187
7010,12'6/7
7011,5'1/8
7012,0
7013,19
7014,1'17/19
7015,785
7016,89
7017,3
7018,7
7019,2/5
7020,660
7021,180
7022,51
7023,84
7024,22
7025,33
7026,12'1/3
7027,15'1/3
7028,6/13
7029,19
7030,21
7031,1/12
7032,15'7/8
7033,87
7034,6
7035,21
7036,19'5/8
7037,1/250000
7038,3/68
7039,9'4/13
7040,323
7041,3
7042,107
7043,108
7044,2'7/15
7045,108
7046,5/19
7047,22
7048,11
7049,24
7050,19
7051,403
7052,98
7053,42
7054,13
7055,17/98
7056,6
7057,18
7058,13
7059,27
7060,11'1/3
7061,-13/14
7062,28
7063,16'47/51
7064,18
7065,120
7066,10
7067,70
7068,134
7069,7'3/5
7070,11
7071,208
7072,6
7073,40
7074,1'1/5
7075,3/4
7076,-84/19
7077,303
7078,1/2
7079,17
7080,5
7081,25
7082,5'4/7
7083,16
7084,1/2
7085,6'14/117
7086,6
7087,20
7088,26
7089,5
7090,1'3/80
7091,13'4/5
7092,261
7093,4'1/6
7094,7'17/96
7095,28'1/6
7096,323
7097,16
7098,12
7099,42
7100,37'1/2
7101,10'3/35
7102,156
7103,187
7104,2'2/7
7105,25/126
7106,185
7107,163
7108,19'3/5
7109,18
7110,169
7111,17
7112,2'5/16
7113,7/1026
7114,1
7115,11/20
7116,1/65
7117,390
7118,8
7119,43
7120,30
7121,780
7122,1'2/7
7123,1
7124,15/19
7125,-3455/216
7126,1/6
7127,18
7128,168
7129,90
7130,6
7131,4/195
7132,8
7133,66
7134,3/4
7135,10
7136,2/5
7137,215
7138,16
7139,50
7140,0'1/-2
7141,1/32
7142,15'9/10
7143,37
7144,29
7145,30
7146,7
7147,153
7148,29
7149,55
7150,4/5
7151,15
7152,6
7153,10
7154,9
7155,54
7156,15
7157,7
7158,1/18
7159,5/19
7160,25
7161,18
7162,2
7163,36
7164,12'2/5
7165,15
7166,25
7167,1'1/2
7168,27'2/11
7169,17
7170,16'8/9
7171,36
7172,70
7173,217
7174,285
7175,11/14
7176,176
7177,38
7178,286
7179,187
7180,2'3/7
7181,146'3/5
7182,102
7183,2'1/104
7184,132
7185,15'12/169
7186,0
7187,10'1/2
7188,31
7189,7'17/20
7190,3/5
7191,233
7192,21
7193,2/5
7194,18
7195,89
7196,4
7197,14'1/7
7198,10/121
7199,164
7200,1/27
7201,9/11
7202,26
7203,-14/19
7204,2
7205,45
7206,1/64
7207,5/13
7208,16
7209,180
7210,8'3/4
7211,1'1/3
7212,1/112
7213,1/65
7214,5
7215,7'5/6
7216,-541/7
7217,24
7218,1'7/9
7219,95
7220,9
7221,20
7222,9
7223,20
7224,7
7225,106
7226,1'4/9
7227,7/9
7228,0
7229,4
7230,13'4/7
7231,81
7232,36
7233,22'10/11
7234,2'3/7
7235,14
7236,304
7237,304
7238,28'4/5
7239,3
7240,76
7241,26
7242,28
7243,7/110
7244,133
7245,19
7246,1/5
7247,32
7248,140
7249,38
7250,58
7251,72
7252,99
7253,14'3/14
7254,9
7255,2/19
7256,7
7257,21
7258,31
7259,1/9
7260,256
7261,256
7262,4'4/5
7263,4'1/5
7264,8/19
7265,30
7266,29
7267,19
7268,27
7269,85
7270,17
7271,21
7272,360
7273,22
7274,3'2/3
7275,57
7276,11
7277,25
7278,10
7279,28
7280,-77/6
7281,184
7282,2
7283,1'175/187
7284,3/7
7285,32
7286,28
7287,0
7288,20
7289,1/3
7290,114
7291,19'7/20
7292,14
7293,9/19
7294,23'17/18
7295,9
7296,720
7297,2'3/14
7298,59
7299,121
7300,7'8/9
7301,9'2/7
7302,6/7
7303,1
7304,171/1000000
7305,-447/28
7306,8
7307,3
7308,7
7309,239'5/8
7310,2
7311,11
7312,9
7313,18
7314,1/10
7315,1'1/3
7316,2'3/4
7317,168
7318,133
7319,58
7320,228
7321,56
7322,232
7323,19
7324,27
7325,30
7326,19
7327,14
7328,10'7/11
7329,15'1/2
7330,0
7331,176
7332,27'10/13
7333,4
7334,8'31/39
7335,5/14
7336,25
7337,8'3/5
7338,15'1/5
7339,0
7340,114
7341,1/627
7342,238
7343,3'1/2
7344,2
7345,1
7346,1'53/91
7347,9/49
7348,1/36
7349,36
7350,27
7351,14
7352,1/5
7353,0
7354,240
7355,1'5/14
7356,-621/35
7357,5
7358,19'8/13
7359,171
7360,7
7361,0'1/-9
7362,25'1/2
7363,2'4/7
7364,37
7365,72
7366,32'1/2
7367,2/39
7368,3
7369,4'5/18
7370,32
7371,6
7372,52
7373,58
7374,4
7375,9'1/4
7376,0
7377,17
7378,24
7379,585
7380,64
7381,221
7382,24
7383,4/9
7384,23
7385,144
7386,144
7387,280
7388,6
7389,40
7390,6'1/2
7391,107
7392,90
7393,2
7394,14
7395,65
7396,11'9/13
7397,1'7/15
7398,16'1/4
7399,12
7400,34
7401,15
7402,108
7403,6
7404,23
7405,6'1/3
7406,1'1/3
7407,2
7408,253
7409,33
7410,7'1/3
7411,1/2
7412,16
7413,89
7414,6
7415,6
7416,1'3/4
7417,21
7418,1'43/110
7419,2/5
7420,10/171
7421,1'5/11
7422,31
7423,10
7424,1/40
7425,276
7426,221
7427,2
7428,14'7/10
7429,13'2/15
7430,25
7431,5
7432,896
7433,99
7434,43
7435,11/12
7436,1/3
7437,31
7438,19
7439,-89/6
7440,2'17/48
7441,5/6
7442,5'8/11
7443,11'3/5
7444,75
7445,684
7446,33
7447,29
7448,92'8/11
7449,34
7450,0
7451,23
7452,78'3/11
7453,9'3/13
7454,13'4/9
7455,30'6/7
7456,37
7457,6'1/3
7458,27
7459,1'2/5
7460,0
7461,1/5
7462,-5/3
7463,75
7464,5
7465,16
7466,1/14
7467,13'17/90
7468,233
7469,1/63
7470,11'11/13
7471,16'1/2
7472,4
7473,121
7474,195
7475,48
7476,20
7477,0
7478,245
7479,1'4/7
7480,13'7/8
7481,9'1/3
7482,36
7483,1/13
7484,5/13
7485,1'1/2
7486,0
7487,4/5
7488,1'3/7
7489,28
7490,30
7491,17'12/17
7492,1
7493,40
7494,44
7495,15
7496,314
7497,14
7498,12
7499,17'17/20
7500,2
7501,44
7502,9
7503,18
7504,111
7505,4'5/14
7506,2
7507,3
7508,1/10
7509,1
7510,68
7511,118'5/7
7512,34
7513,2'1/38
7514,31
7515,324
7516,1'3/16
7517,13/18
7518,304
7519,2/27
7520,4
7521,22
7522,48
7523,13/3600
7524,15
7525,160
7526,266
7527,119
7528,1'23/105
7529,8
7530,18
7531,17
7532,-50/3
7533,150'2/3
7534,27
7535,1'1/6
7536,4
7537,216
7538,1'2/5
7539,0
7540,64
7541,21
7542,7/12
7543,19
7544,13/176
7545,15/368
7546,1'5/7
7547,16
7548,27
7549,1/33
7550,64
7551,5
7552,14
7553,40
7554,17/19
7555,1'5/16
7556,-9/14
7557,287
7558,3
7559,122
7560,6
7561,-251/15
7562,-360/19
7563,34
7564,27
7565,1'1/6
7566,29
7567,-123/14
7568,24
7569,2'2/3
7570,19/20
7571,54
7572,9
7573,2'6/7
7574,9/10
7575,40
7576,8'2/9
7577,12/19
7578,33
7579,170
7580,21
7581,357
7582,14
7583,99
7584,15
7585,14/17
7586,2/17
7587,26
7588,43
7589,80
7590,5
7591,24
7592,9'8/13
7593,205'1/2
7594,75
7595,2'1/76
7596,125
7597,20
7598,8'2/3
7599,105
7600,24'1/3
7601,16/19
7602,3'4/5
7603,210
7604,50
7605,3'9/13
7606,-7/36
7607,299
7608,19'1/121
7609,8'2/3
7610,2'2/9
7611,93
7612,5
7613,68
7614,18
7615,30
7616,1/7
7617,2'16/19
7618,13
7619,0
7620,6'8/15
7621,32'4/9
7622,3'13/14
7623,64
7624,2/9
7625,-47/12
7626,2
7627,22
7628,2'1/2
7629,216
7630,19
7631,17
7632,9/56
7633,12'2/3
7634,2/15
7635,414
7636,6'11/14
7637,6'1/17
7638,1
7639,22
7640,1'2/17
7641,7'1/19
7642,2'4/5
7643,100
7644,5'1/3
7645,1
7646,30
7647,1'1/18
7648,21
7649,27
7650,4'2/13
7651,35
7652,15'4/5
7653,29
7654,204
7655,98
7656,24
7657,3
7658,9
7659,1'2/5
7660,5/24
7661,8
7662,3/8
7663,3
7664,2/3
7665,7
7666,23
7667,10
7668,13'2/11
7669,29
7670,31
7671,1/36
7672,8'1/2
7673,31'3/10
7674,16'1/3
7675,2
7676,0
7677,10'7/8
7678,6
7679,24
7680,19/819
7681,78
7682,20
7683,8
7684,11'2/5
7685,197
7686,1'2/7
7687,12
7688,2
7689,1'2/3
7690,22
7691,810
7692,31
7693,1'5/6
7694,2/7
7695,3
7696,33
7697,17
7698,18'3/5
7699,1'3/5
7700,16'8/9
7701,16'11/20
7702,87
7703,1/5
7704,80
7705,30
7706,1/16
7707,9
7708,32
7709,2/7
7710,22
7711,18
7712,242
7713,15
7714,29
7715,21
7716,9'1/5
7717,2
7718,5'5/9
7719,43'1/3
7720,34
7721,6
7722,11
7723,1'1/4
7724,1'11/18
7725,12'4/5
7726,34
7727,0
7728,16'7/16
7729,255
7730,5/6
7731,24
7732,2
7733,15'5/9
7734,1
7735,3
7736,3
7737,5/7
7738,1'1/3
7739,1'2/9
7740,42
7741,1'7/9
7742,6'5/6
7743,-55/4
7744,323
7745,14
7746,12
7747,3
7748,168
7749,235
7750,7
7751,134
7752,560
7753,29
7754,86'1/16
7755,18
7756,5/17
7757,6'1/11
7758,1
7759,28
7760,33
7761,2/13
7762,11
7763,10'2/13
7764,15'1/5
7765,4
7766,1
7767,9'13/18
7768,4'1/2
7769,13/17
7770,1
7771,3/35
7772,24
7773,1/9
7774,3/14
7775,44
7776,8'1/3
7777,80
7778,64'1/13
7779,40/77
7780,144
7781,10'2/5
7782,1
7783,20
7784,144
7785,29
7786,179
7787,24
7788,3
7789,6
7790,188
7791,1'6/13
7792,8/25
7793,116
7794,68
7795,13
7796,225
7797,5/18
7798,4'3/4
7799,11/13
7800,43'1/3
7801,7/30
7802,98
7803,8
7804,250
7805,91
7806,17'7/18
7807,1
7808,1'3/7
7809,24
7810,27
7811,760
7812,252
7813,-26/3
7814,1'3/5
7815,1'3/4
7816,81
7817,1
7818,14
7819,229
7820,5
7821,-8/3
7822,50'2/7
7823,90
7824,18
7825,119
7826,11
7827,5/8
7828,1'7/11
7829,1/15
7830,0
7831,0'17/-28
7832,13
7833,152
7834,5/18
7835,303
7836,14'8/11
7837,24
7838,288
7839,5'3/14
7840,17
7841,3
7842,6
7843,1'7/12
7844,161'1/2
7845,6
7846,1
7847,30
7848,18'3/4
7849,320
7850,1'1/5
7851,239
7852,1
7853,9/11
7854,18'1/4
7855,10'7/11
7856,26
7857,20
7858,242
7859,14
7860,2'1/12
7861,110
7862,260
7863,17/160
7864,38
7865,195'1/8
7866,1'2/3
7867,1/1350
7868,13
7869,1'6/7
7870,5'2/3
7871,18/19
7872,1/2
7873,20'1/5
7874,169'1/7
7875,4'3/7
7876,2'1/7
7877,1/21
7878,1/9
7879,319
7880,48
7881,2'1/2
7882,1/108
7883,0
7884,14/33
7885,-72/223
7886,21
7887,28
7888,4/7
7889,5/16
7890,13
7891,0'13/-19
7892,306
7893,1'5/24
7894,18
7895,0'1/-3
7896,2'5/7
7897,2
7898,624
7899,24
7900,24
7901,60
7902,120
7903,17
7904,22
7905,90
7906,5'1/2
7907,2
7908,480
7909,144
7910,59'11/15
7911,16
7912,5'2/3
7913,19/198
7914,181
7915,24
7916,16'3/7
7917,225
7918,7/54
7919,20'3/5
7920,0
7921,2'1/3
7922,5
7923,2'1/17
7924,224
7925,66
7926,9'5/9
7927,1'1/2
7928,53
7929,18
7930,81
7931,41'2/5
7932,16
7933,54
7934,14'5/8
7935,28
7936,139
7937,2/35
7938,1/30
7939,28
7940,445
7941,9
7942,26
7943,15'3/13
7944,4/33
7945,2/5
7946,7
7947,17
7948,7'1/2
7949,1/9
7950,46
7951,22
7952,40
7953,15
7954,29
7955,168
7956,1/4
7957,13'3/5
7958,209
7959,13
7960,3'1/2
7961,1'3/5
7962,21
7963,2'3/8
7964,3
7965,5'11/17
7966,23'7/8
7967,28
7968,54
7969,31
7970,107
7971,984
7972,13'2/9
7973,13
7974,25
7975,20
7976,6'6/13
7977,-29/9
7978,0
7979,18
7980,32
7981,4
7982,5
7983,4
7984,2/9
7985,3
7986,264
7987,3
7988,1/30
7989,24
7990,31'5/17
7991,245
7992,300
7993,2/17
7994,23
7995,45
7996,2'1/3
7997,13'11/15
7998,18
7999,59
8000,40
8001,2'3/13
8002,274'4/5
8003,84'4/7
8004,30
8005,77
8006,28'1/2
8007,11/126
8008,35'1/5
8009,5/29
8010,62'1/5
8011,17
8012,27
8013,6
8014,30
8015,120
8016,323
8017,186
8018,2
8019,8
8020,1
8021,15/247
8022,6'7/11
8023,1/15
8024,9
8025,1'4/9
8026,22
8027,0'1/-6
8028,132
8029,1/32
8030,176
8031,7/1216
8032,36
8033,4
8034,7/1782
8035,3/20
8036,1/12
8037,3
8038,1'5/7
8039,48
8040,5'1/4
8041,90
8042,23
8043,18
8044,11/476
8045,8/11
8046,16
8047,6
8048,1
8049,6
8050,98
8051,0
8052,11/304
8053,146
8054,12/65
8055,70
8056,33
8057,-83/12
8058,3'1/9
8059,1'5/7
8060,0
8061,147
8062,-15/13
8063,18
8064,3'5/9
8065,59'16/19
8066,2'1/3
8067,13'13/18
8068,204
8069,1/741
8070,10
8071,25
8072,561
8073,50
8074,1/17
8075,306
8076,3/10
8077,14'11/15
8078,2'5/7
8079,54
8080,5/6
8081,7
8082,10
8083,21'1/7
8084,0
8085,765
8086,36
8087,1/594
8088,76
8089,33
8090,3/16
8091,21/80
8092,524
8093,2
8094,53
8095,31
8096,13
8097,95
8098,21
8099,0
8100,1/17
8101,13
8102,1/98
8103,2'1/2
8104,21
8105,36
8106,12'2/3
8107,10'1/2
8108,5/162
8109,264
8110,28
8111,144
8112,2/7
8113,323
8114,170
8115,112
8116,14
8117,1
8118,21
8119,1/9
8120,3'1/5
8121,1/19
8122,2'1/2
8123,1/169
8124,216
8125,5'11/16
8126,8
8127,16'2/3
8128,33
8129,87
8130,121
8131,1/4
8132,3'5/21
8133,0
8134,18
8135,251
8136,17'3/5
8137,85
8138,42
8139,0'11/-18
8140,140
8141,245
8142,30
8143,16'1/10
8144,18'2/15
8145,9'3/7
8146,10
8147,25
8148,3/76
8149,64
8150,186
8151,63
8152,22
8153,1/119
8154,3
8155,11
8156,6
8157,21
8158,184
8159,1'19/30
8160,16
8161,32
8162,51
8163,92
8164,98
8165,2'2/3
8166,192
8167,22
8168,19
8169,4'1/2
8170,1/2
8171,1'7/9
8172,8'5/8
8173,25
8174,16
8175,57
8176,25
8177,5
8178,34
8179,36'2/5
8180,1/6
8181,9'2/3
8182,18
8183,96
8184,13/22
8185,14'4/5
8186,2
8187,2'2/7
8188,13'1/2
8189,41
8190,246
8191,1/3
8192,91
8193,253
8194,8
8195,13
8196,7'4/9
8197,26
8198,3
8199,3'2/11
8200,122
8201,11
8202,72
8203,7
8204,6'7/9
8205,81
8206,-26/9
8207,10'1/8
8208,25
8209,29
8210,224
8211,342
8212,224
8213,1'5/11
8214,11/16
8215,5/6
8216,4
8217,11
8218,23'1/3
8219,18
8220,0
8221,9/10
8222,11'49/57
8223,9
8224,1/12
8225,1'9/10
8226,81
8227,14
8228,35
8229,0
8230,2/51
8231,1'4/5
8232,23
8233,13
8234,12
8235,25
8236,2'3/5
8237,11
8238,113
8239,3'3/8
8240,2
8241,969
8242,7/324
8243,3/10
8244,11'1/12
8245,10
8246,3'1/4
8247,24
8248,2'1/3
8249,14
8250,3'7/9
8251,20
8252,219
8253,0
8254,24
8255,86
8256,19
8257,1'4/15
8258,20'5/19
8259,9
8260,8
8261,11'9/14
8262,3
8263,-6/19
8264,14
8265,6/49
8266,16'15/17
8267,6
8268,8
8269,2'13/21
8270,1'4/11
8271,16
8272,5'3/25
8273,27
8274,114/155
8275,20
8276,-25/13
8277,0
8278,7
8279,7/16
8280,292
8281,0
8282,171
8283,99
8284,3'2/5
8285,1/112
8286,5'1/2
8287,1/4
8288,520
8289,6'1/2
8290,16
8291,494
8292,174
8293,13
8294,19'2/13
8295,3
8296,38
8297,3
8298,35
8299,27
8300,42
8301,10'13/16
8302,4
8303,10/63
8304,3
8305,1/6
8306,78
8307,177
8308,11/252
8309,32'1/2
8310,5
8311,216
8312,204
8313,2'1/6
8314,3
8315,-77/8
8316,1'1/7
8317,3
8318,7'9/17
8319,8/13
8320,72
8321,4
8322,98
8323,177
8324,2'1/4
8325,20
8326,5/42
8327,6'4/17
8328,66'1/2
8329,14'3/8
8330,17
8331,9
8332,7
8333,396
8334,4'5/9
8335,21
8336,13/18
8337,198
8338,32
8339,34
8340,1
8341,84
8342,78
8343,0
8344,515
8345,49
8346,346'4/5
8347,97
8348,32
8349,15
8350,26
8351,31
8352,4
8353,25
8354,55
8355,3
8356,11'1/4
8357,25
8358,352
8359,17
8360,1
8361,8'11/80
8362,2
8363,1'1/13
8364,1'5/6
8365,36
8366,11
8367,10
8368,169
8369,18'23/25
8370,24
8371,25
8372,16
8373,1'16/59
8374,5
8375,18
8376,1/10
8377,1'1/12
8378,1
8379,1/2
8380,2
8381,1
8382,2
8383,17
8384,21
8385,15
8386,100
8387,6/17
8388,112
8389,114
8390,36
8391,112
8392,1'1/10
8393,13
8394,27
8395,48
8396,4'2/3
8397,1
8398,25
8399,3/8
8400,10
8401,32
8402,10
8403,5
8404,5'2/3
8405,17'1/5
8406,133
8407,24
8408,60'6/11
8409,21
8410,2/5
8411,154
8412,11/15
8413,197'2/3
8414,11
8415,16
8416,10
8417,56
8418,35
8419,157
8420,1/20
8421,0'1/-12
8422,60
8423,57
8424,35
8425,-121/7
8426,84
8427,14
8428,59'2/5
8429,160
8430,2'2/3
8431,23
8432,5/28
8433,2/9
8434,197
8435,363
8436,-221/18
8437,420
8438,1/29
8439,304
8440,5/9
8441,3/52
8442,170
8443,4'5/8
8444,44
8445,0
8446,365'3/4
8447,4
8448,2/161
8449,1/2
8450,101
8451,8
8452,1'7/8
8453,20
8454,9
8455,1/1224
8456,14
8457,4
8458,56
8459,304
8460,65
8461,1/9
8462,9'5/6
8463,1'4/15
8464,20'4/7
8465,49
8466,9
8467,15'1/12
8468,29
8469,20
8470,114
8471,18
8472,125
8473,16'2/3
8474,10'3/26
8475,52
8476,29
8477,280
8478,1'16/35
8479,15
8480,67
8481,3/98
8482,167
8483,9
8484,1
8485,5
8486,3'4/17
8487,9/13
8488,1'17/18
8489,2'10/17
8490,92
8491,18
8492,28
8493,-153/14
8494,84
8495,2'2/3
8496,1'2/7
8497,4
8498,2'1/18
8499,14
8500,234
8501,760
8502,17'34/45
8503,-57/22
8504,17'1/3
8505,3
8506,1/35
8507,1
8508,20
8509,103
8510,1/48
8511,3
8512,1'5/11
8513,18'11/17
8514,30
8515,2/57
8516,12
8517,195
8518,27
8519,7
8520,11/38
8521,11'4/17
8522,279
8523,11
8524,29
8525,20'1/24
8526,-125/14
8527,11'77/85
8528,181
8529,27
8530,97
8531,9/14
8532,60
8533,5/18
8534,-67/4
8535,50'10/11
8536,1/2
8537,4'1/3
8538,7/40
8539,5/33
8540,65
8541,19'1/5
8542,1/3
8543,10
8544,18'1/4
8545,16'9/187
8546,7
8547,1/32
8548,3
8549,4/17
8550,1/210
8551,16
8552,35'1/20
8553,29
8554,4
8555,307
8556,36
8557,131
8558,226
8559,7
8560,15
8561,1/13
8562,10
8563,128
8564,255
8565,2
8566,17
8567,23
8568,8
8569,1'5/6
8570,16'2/15
8571,72
8572,94'1/16
8573,20
8574,1/5
8575,3'2/19
8576,4'9/14
8577,5'1/2
8578,21'5/11
8579,136
8580,80
8581,15'1/4
8582,1
8583,52
8584,31/304
8585,342
8586,3/4
8587,3/8
8588,0
8589,14
8590,13
8591,2/3
8592,6/13
8593,15
8594,2/21
8595,29
8596,1'63/323
8597,0'8/-229
8598,23
8599,19
8600,3/200000
8601,22
8602,1/90
8603,17
8604,2'1/2
8605,6
8606,20
8607,17
8608,1'6/7
8609,19/20
8610,67
8611,20
8612,5
8613,11'3/5
8614,80
8615,12'5/7
8616,94
8617,27
8618,323
8619,12
8620,17
8621,26
8622,32
8623,21
8624,52
8625,-1078/57
8626,2'3/7
8627,2'4/7
8628,29
8629,43
8630,10/13
8631,1'1/5
8632,31'1/11
8633,38
8634,1
8635,27
8636,131
8637,33
8638,7
8639,30
8640,22
8641,38
8642,3'3/4
8643,2'1/3
8644,5'7/19
8645,15
8646,8
8647,6/13
8648,0'9/-44
8649,109
8650,34
8651,96'1/3
8652,625
8653,112
8654,90'2/3
8655,11'1/2
8656,7
8657,33
8658,7
8659,15
8660,5'7/8
8661,17'1/2
8662,37
8663,1'3/16
8664,20
8665,11
8666,19
8667,-77/8
8668,56'7/19
8669,11
8670,10
8671,12
8672,11'1/3
8673,2'1/9
8674,150
8675,7
8676,17/156
8677,65
8678,360
8679,20
8680,0'1/-18
8681,8
8682,833
8683,36
8684,247
8685,8
8686,343
8687,20'2/7
8688,133'9/17
8689,1'3/8
8690,10
8691,72
8692,5'13/14
8693,18
8694,0
8695,274/323
8696,1'5/7
8697,12'1/4
8698,336
8699,12
8700,180
8701,60
8702,37
8703,12
8704,34'8/9
8705,22
8706,12
8707,1
8708,3/760
8709,17
8710,104
8711,1/195
8712,19'2/15
8713,5/9
8714,1'2/3
8715,0'1/-3
8716,1
8717,7
8718,5
8719,9
8720,45
8721,37
8722,183'2/9
8723,12/13
8724,239
8725,1'5/12
8726,260
8727,217
8728,135
8729,56
8730,54
8731,21
8732,0
8733,1/3
8734,30
8735,24
8736,4
8737,1'1/11
8738,190
8739,8/11
8740,488
8741,65
8742,0
8743,27
8744,1/36
8745,10'10/11
8746,2'1/2
8747,270
8748,30
8749,35'9/19
8750,9
8751,10
8752,29
8753,0
8754,28
8755,360
8756,3'2/3
8757,34
8758,12'2/3
8759,6'6/11
8760,5'13/17
8761,13
8762,6
8763,51
8764,17'1/6
8765,28
8766,120
8767,1
8768,5/63
8769,18
8770,26
8771,1/7
8772,21
8773,8
8774,7/15
8775,14'1/3
8776,120
8777,2
8778,216
8779,27
8780,17
8781,251
8782,5/216
8783,65
8784,1'3/14
8785,2'4/5
8786,1/900
8787,54
8788,19'5/8
8789,6
8790,2
8791,1/4
8792,-2/3
8793,0
8794,8/57
8795,31
8796,7'169/187
8797,9
8798,18
8799,45
8800,5/14
8801,6'3/7
8802,4
8803,24
8804,5/6
8805,5
8806,386'10/11
8807,33'3/4
8808,9'1/13
8809,73
8810,41
8811,1'1/3
8812,7/162
8813,505
8814,2/55
8815,17
8816,226
8817,7/13
8818,235'3/4
8819,23
8820,20
8821,1
8822,1/5
8823,9/22
8824,171
8825,15'6/7
8826,9/119
8827,120
8828,1
8829,10
8830,2/51
8831,9/20
8832,7/17
8833,144
8834,27
8835,22'5/8
8836,19
8837,19/20
8838,1
8839,20
8840,2
8841,14'4/7
8842,12
8843,12
8844,3
8845,23'1/3
8846,3/136
8847,25
8848,3
8849,8'1/8
8850,35'3/8
8851,36
8852,2/3
8853,6'1/2
8854,24
8855,12
8856,21
8857,19
8858,291
8859,27
8860,14
8861,4'4/13
8862,0'11/-19
8863,20
8864,131
8865,7
8866,3
8867,21
8868,10
8869,33
8870,31
8871,17
8872,40
8873,3
8874,0
8875,25
8876,5/8
8877,33
8878,40
8879,12
8880,126
8881,7'7/11
8882,-84/17
8883,328
8884,-155/9
8885,7
8886,5'103/120
8887,5
8888,4'11/12
8889,106
8890,1/30
8891,3/40
8892,15'1/5
8893,432
8894,205'9/10
8895,1'137/153
8896,6
8897,120
8898,180
8899,2/11
8900,22
8901,103
8902,10
8903,30'4/5
8904,4
8905,29
8906,149
8907,-47/12
8908,6'2/5
8909,144
8910,9'1/7
8911,168
8912,1/2
8913,17'2/19
8914,312
8915,22
8916,7'1/2
8917,21
8918,14
8919,39
8920,-6/13
8921,14
8922,72
8923,31
8924,40
8925,43
8926,1/8
8927,12'1/2
8928,21
8929,1/8
8930,12'1/7
8931,23
8932,24
8933,14
8934,68
8935,-77/5
8936,136
8937,10
8938,5
8939,9
8940,24
8941,204
8942,11'13/20
8943,60
8944,1'4/9
8945,45
8946,105
8947,289
8948,37
8949,3'3/7
8950,-67/5
8951,20'1/2
8952,90
8953,2
8954,0'1/-12
8955,4'1/2
8956,1'1/7
8957,7/17
8958,340
8959,5
8960,57
8961,224
8962,209
8963,1'1/2
8964,396
8965,25'3/7
8966,45'1/3
8967,-71/9
8968,8/13
8969,9'1/4
8970,66
8971,3/125000
8972,195
8973,11
8974,1/8
8975,1/9
8976,144
8977,3
8978,24
8979,10
8980,234
8981,26'1/4
8982,8/33
8983,21'2/7
8984,7
8985,19
8986,4'3/5
8987,183'1/2
8988,147
8989,652
8990,3'3/4
8991,11
8992,224
8993,361
8994,27
8995,28
8996,1/180
8997,2/3
8998,13/66
8999,-151/18
9000,144
9001,39
9002,14/95
9003,-197/34
9004,135
9005,228
9006,11'1/84
9007,9/13
9008,17'16/17
9009,16
9010,2/357
9011,109
9012,26
9013,21'1/4
9014,3/17
9015,3'4/5
9016,4
9017,3/308
9018,13
9019,8/9
9020,72
9021,6/55
9022,3/16
9023,-97/7
9024,1'1/2
9025,156
9026,2'2/3
9027,18
9028,19'19/30
9029,7/9
9030,572
9031,170
9032,30
9033,1'1/8
9034,22
9035,1
9036,469
9037,10
9038,48/49
9039,100
9040,9/40
9041,2
9042,91
9043,3'1/2
9044,3/16
9045,82
9046,7/34
9047,12
9048,82'1/3
9049,9
9050,0'17/-96
9051,1'47/135
9052,2'8/9
9053,36
9054,0
9055,45
9056,6
9057,22'1/4
9058,5/9
9059,2
9060,14'9/10
9061,14'1/96
9062,5/17
9063,5'10/13
9064,2
9065,24
9066,2
9067,4/7
9068,6'1/3
9069,41
9070,1'61/99
9071,1/8
9072,73
9073,1'1/4
9074,62
9075,1/2
9076,576
9077,0
9078,259
9079,102
9080,11
9081,13/18
9082,2'134/171
9083,1'1/2
9084,6'3/8
9085,4
9086,6'4/5
9087,11
9088,20
9089,10
9090,-201/13
9091,120
9092,15'3/7
9093,37/44
9094,12
9095,5
9096,11
9097,23'4/11
9098,1'1/2
9099,3/11
9100,1
9101,3
9102,51'3/14
9103,15'3/7
9104,14
9105,3/13
9106,25
9107,13'7/9
9108,3'1/3
9109,30
9110,6'1/2
9111,21
9112,336
9113,17'131/140
9114,46'7/8
9115,13'3/5
9116,27
9117,24
9118,7/54
9119,11
9120,-121/13
9121,-337/170
9122,5
9123,2
9124,23
9125,57
9126,1'6/13
9127,24
9128,9'1/2
9129,20
9130,83
9131,8
9132,12
9133,1'3/16
9134,26'7/17
9135,17'1/30
9136,204
9137,14'5/169
9138,1'2/5
9139,11/100
9140,133
9141,1'4/9
9142,1
9143,8'2/11
9144,4/45
9145,32
9146,-83/6
9147,8
9148,35
9149,10/13
9150,18
9151,400
9152,12
9153,18
9154,2
9155,199
9156,390
9157,9/760
9158,82
9159,32
9160,13
9161,27
9162,-3/16
9163,14'1/6
9164,0
9165,122
9166,18'1/7
9167,2'1/7
9168,248
9169,252
9170,4
9171,1
9172,8
9173,9
9174,224
9175,19
9176,1
9177,9
9178,2/833
9179,11/18
9180,3
9181,5/304
9182,550
9183,1/2
9184,9
9185,2'9/10
9186,1'7/17
9187,17
9188,10/17
9189,12/13
9190,1'1/7
9191,7
9192,15'33/38
9193,51
9194,2'7/15
9195,30
9196,382
9197,21'6/11
9198,1/238
9199,16
9200,125'1/19
9201,5'2/3
9202,10
9203,7/11
9204,51/224
9205,2
9206,-33/10
9207,14
9208,7/19
9209,2'1/13
9210,243
9211,85
9212,5
9213,11
9214,14
9215,21'2/7
9216,359
9217,4'14/15
9218,133
9219,90
9220,7
9221,47
9222,9'1/2
9223,22'1/10
9224,5/7
9225,13'11/13
9226,1'8/9
9227,1'2/3
9228,16'4/11
9229,10
9230,40
9231,13'7/8
9232,3/5
9233,61
9234,3/10
9235,13/30
9236,7
9237,66
9238,63
9239,4
9240,288
9241,27
9242,3/14
9243,46
9244,1'2/3
9245,14'9/14
9246,189
9247,9
9248,16
9249,9'4/5
9250,31'1/2
9251,2
9252,1/5
9253,40'1/3
9254,17
9255,37'1/2
9256,30
9257,127
9258,1
9259,16
9260,9
9261,113
9262,2'1/9
9263,3'3/4
9264,-35/6
9265,17/133
9266,27
9267,2
9268,15/19
9269,84'1/2
9270,15
9271,-233/13
9272,7'12/19
9273,6
9274,40
9275,18
9276,23
9277,20
9278,287
9279,1/7
9280,4
9281,16
9282,11/18
9283,126
9284,18
9285,17
9286,57
9287,1/3
9288,28
9289,-300/19
9290,19'1/2
9291,47'1/2
9292,228
9293,3/16
9294,19'3/16
9295,1
9296,3'3/100
9297,17
9298,1/500000
9299,105
9300,32
9301,12
9302,180
9303,5/18
9304,10'8/9
9305,4
9306,9/35
9307,27
9308,3
9309,22
9310,24
9311,16
9312,12
9313,1/10
9314,1/16
9315,18'10/11
9316,17
9317,143
9318,173
9319,39
9320,13
9321,4'13/15
9322,19
9323,255
9324,1/12
9325,0
9326,10/171
9327,988
9328,16'6/13
9329,-7/12
9330,22
9331,2'1/3
9332,30'2/7
9333,99
9334,3
9335,304
9336,14
9337,150
9338,72
9339,1/56
9340,19
9341,7
9342,-792/17
9343,26
9344,11
9345,13
9346,61'1/5
9347,14/37
9348,72
9349,34
9350,14'12/13
9351,11/12
9352,5
9353,2'5/7
9354,1/32
9355,67/114
9356,13
9357,25
9358,0'1/-3
9359,1/16
9360,100
9361,5'9/112
9362,18
9363,2'5/7
9364,5'1/3
9365,20
9366,16'15/17
9367,5
9368,20'1/13
9369,18'1/16
9370,182
9371,1'1/2
9372,16/21
9373,9
9374,336
9375,2
9376,22
9377,204/223
9378,20
9379,100
9380,17
9381,15'10/11
9382,169
9383,5/13
9384,20
9385,24
9386,9/20
9387,9
9388,10'1/9
9389,25
9390,90
9391,3'3/7
9392,15
9393,0
9394,3/16
9395,20
9396,365
9397,45
9398,26'2/3
9399,54'2/5
9400,1/2
9401,11
9402,25
9403,20
9404,19
9405,9'17/18
9406,25
9407,160'1/5
9408,10'2/3
9409,7
9410,45
9411,23
9412,15
9413,70
9414,7'4/5
9415,24
9416,30
9417,15
9418,2'5/7
9419,30
9420,6'2/9
9421,10
9422,24
9423,306
9424,13'7/8
9425,1/7
9426,11/18
9427,23'2/17
9428,17'3/11
9429,60
9430,68
9431,5
9432,23
9433,19
9434,28
9435,17
9436,9
9437,10
9438,146
9439,3'26/45
9440,624
9441,-665/9
9442,36
9443,24
9444,16
9445,177
9446,1'4/13
9447,61
9448,4'1/6
9449,9'5/16
9450,40
9451,455
9452,176
9453,0'1/-3
9454,16'13/77
9455,29
9456,2/3
9457,14'4/7
9458,13
9459,130
9460,33
9461,41
9462,21
9463,14'1/2
9464,208
9465,22
9466,12
9467,-19/4
9468,22
9469,0
9470,-31/4
9471,25
9472,2
9473,5
9474,19/1200
9475,80
9476,4
9477,14
9478,0
9479,31'2/3
9480,18
9481,3
9482,143
9483,1'25/51
9484,21'1/2
9485,18
9486,-322/19
9487,24
9488,32
9489,209
9490,5/39
9491,1/7
9492,10
9493,21
9494,5'1/2
9495,25
9496,28
9497,-12/17
9498,13
9499,315
9500,4
9501,20
9502,77
9503,5'2/7
9504,27
9505,1/3
9506,1
9507,1'5/11
9508,129
9509,16
9510,17'1/18
9511,14
9512,5/26
9513,19/176
9514,1'4/13
9515,0'1/-5
9516,10
9517,3/40
9518,5
9519,1
9520,-139/7
9521,1'1/3
9522,2
9523,33
9524,2
9525,15/884
9526,107
9527,23
9528,5/24
9529,1/26
9530,14
9531,-26/3
9532,14
9533,7
9534,13'13/1000000
9535,80
9536,21'4/5
9537,61
9538,15
9539,95
9540,48
9541,11
9542,17'3/4
9543,5/896
9544,3
9545,331
9546,5/7
9547,19/135
9548,8/9
9549,20
9550,4
9551,891
9552,9
9553,7'9/13
9554,160
9555,20
9556,18
9557,15
9558,7
9559,95
9560,112
9561,22'1/2
9562,5'5/14
9563,10
9564,22
9565,370
9566,41
9567,42
9568,10
9569,-2/3
9570,49
9571,7
9572,20
9573,42
9574,11'5/54
9575,5/14
9576,-192/11
9577,6/11
9578,9'1/3
9579,12'8/11
9580,2/7
9581,12
9582,9
9583,57'2/5
9584,78
9585,14/15
9586,264
9587,44
9588,11
9589,14
9590,1'1/15
9591,34
9592,10'5/13
9593,2/171
9594,1
9595,14
9596,20
9597,124
9598,1'5/7
9599,3'3/5
9600,2
9601,1/119
9602,54'2/5
9603,14
9604,146
9605,7/10
9606,2
9607,19
9608,10'9/13
9609,12'16/17
9610,13/17
9611,14
9612,11
9613,128
9614,28'5/7
9615,37
9616,31
9617,8/119
9618,7/10
9619,26'4/5
9620,11
9621,9/16
9622,13/48
9623,23
9624,30
9625,31
9626,16'1/3
9627,1'3/11
9628,3/100
9629,6/133
9630,32
9631,6'1/3
9632,28'7/12
9633,12
9634,26
9635,1'1/8
9636,23
9637,1'9/10
9638,8/27
9639,17'4/7
9640,35
9641,60
9642,22'1/18
9643,18
9644,1'4/5
9645,1
9646,9
9647,133
9648,16
9649,65
9650,21
9651,6
9652,17'15/19
9653,1'5/19
9654,15'1/2
9655,240
9656,6
9657,22
9658,12'3/5
9659,-35/12
9660,97
9661,1/15
9662,180
9663,1/5
9664,1/3
9665,12'3/40
9666,0
9667,60
9668,13/17
9669,42
9670,3/40
9671,9/160
9672,5/18
9673,8/27
9674,11'6/13
9675,238
9676,60
9677,0
9678,24
9679,175'1/15
9680,23'6/13
9681,1/24
9682,1/11
9683,140
9684,2'2/5
9685,7
9686,182
9687,12
9688,2/3
9689,10'5/6
9690,228
9691,7
9692,20
9693,12
9694,30
9695,3
9696,1/15
9697,15
9698,17
9699,2'2/5
9700,25'11/16
9701,140
9702,3'1/11
9703,247
9704,105
9705,85
9706,1'1/3
9707,186'2/3
9708,85
9709,17
9710,26
9711,27
9712,7/12
9713,35
9714,48
9715,19
9716,335
9717,9'1/2
9718,9
9719,41
9720,192
9721,19/23
9722,316
9723,4'5/72
9724,-7/18
9725,39
9726,-50/3
9727,13
9728,2'1/2
9729,33
9730,39
9731,300
9732,17
9733,72'6/7
9734,3/14
9735,18'1/8
9736,11/40
9737,1'1/17
9738,8'7/17
9739,25
9740,1'5/13
9741,154
9742,15'1/12
9743,9
9744,26
9745,24
9746,20'10/13
9747,47
9748,2'4/5
9749,270
9750,1'4/15
9751,3/137
9752,2'1/12
9753,1/2000000
9754,3
9755,10'3/8
9756,4/17
9757,312
9758,96
9759,38
9760,34
9761,25
9762,653
9763,17
9764,154
9765,20/77
9766,2'3/22
9767,273
9768,44
9769,48
9770,15'2/5
9771,213/224
9772,-544/5
9773,17'13/16
9774,3
9775,11/912
9776,7/15
9777,30'1/3
9778,19
9779,30
9780,16
9781,109
9782,2/13
9783,18'15/19
9784,209
9785,9
9786,16'3/10
9787,5
9788,216
9789,12
9790,19
9791,1'8/11
9792,-8/41
9793,858
9794,3
9795,910
9796,42'18/19
9797,2
9798,617
9799,13/24
9800,3/8
9801,35
9802,17'4/7
9803,5
9804,25
9805,238
9806,143
9807,304
9808,17'343/361
9809,27
9810,1'6/13
9811,8'5/19
9812,7'11/18
9813,9'1/2
9814,20
9815,4
9816,5/858
9817,18'1/5
9818,13'16/17
9819,154
9820,224
9821,-49/34
9822,10
9823,17
9824,75
9825,48
9826,-262/23
9827,5
9828,22
9829,27
9830,971
9831,19
9832,24
9833,3
9834,3'4/11
9835,126'1/2
9836,334'2/5
9837,6/13
9838,12
9839,224
9840,4'3/4
9841,969
9842,60
9843,13
9844,-115/16
9845,66
9846,3'13/15
9847,6/7
9848,4'13/18
9849,56
9850,-35/3
9851,146
9852,4'11/20
9853,42
9854,21
9855,12'1/18
9856,20
9857,0
9858,14
9859,1/8
9860,49'1/2
9861,6'3/5
9862,-277/14
9863,3
9864,8
9865,5'13/36
9866,23
9867,171
9868,206
9869,12'11/15
9870,152
9871,25
9872,23
9873,1'1/6
9874,251
9875,12/143
9876,361
9877,68
9878,50
9879,4
9880,22
9881,184
9882,35
9883,10
9884,10'7/9
9885,22
9886,10
9887,40'1/3
9888,17
9889,25
9890,17
9891,5/48
9892,266
9893,15
9894,306
9895,10/279
9896,35
9897,18'2/17
9898,19'1/7
9899,20
9900,17'2/5
9901,120
9902,160
9903,9/224
9904,5
9905,7/9
9906,12'9/16
9907,324
9908,30
9909,9'1/72
9910,858
9911,10'3/4
9912,8
9913,3
9914,5/9
9915,30
9916,3
9917,6'2/19
9918,4/9
9919,10
9920,1/19
9921,288
9922,1/5
9923,20
9924,10
9925,6'9/32
9926,-293/16
9927,60
9928,19'1/6
9929,30
9930,10
9931,7/90
9932,13
9933,30
9934,-197/18
9935,35
9936,1'3/7
9937,15'16/21
9938,0'6/-17
9939,26
9940,9
9941,117
9942,8'2/3
9943,14
9944,272'9/14
9945,22
9946,12'4/13
9947,45
9948,11'11/19
9949,36
9950,1'1/24
9951,19/20
9952,13
9953,672
9954,14
9955,2/15
9956,30
9957,21
9958,3
9959,15
9960,-14/5
9961,34
9962,19
9963,1
9964,1
9965,14
9966,3'1/3
9967,21
9968,4'1/2
9969,14
9970,10
9971,14
9972,1/660
9973,13
9974,-99/4
9975,2
9976,9
9977,6
9978,2'1/28
9979,6'2/3
9980,27'2/3
9981,10
9982,6/209
9983,12'6/7
9984,4
9985,7/9
9986,28
9987,120
9988,15
9989,4
9990,68
9991,15'1/11
9992,1/15
9993,27
9994,11
9995,1'3/11
9996,1/19
9997,6
9998,14
9999,5/21
10000,175
